0 (4, 8, 20, 20) [4, 52]
1/100 (4, 12, 12, 12) [8, 36]
1/99 (4, 6, 12, 12) [7, 31]
1/98 (4, 6, 12, 12) [7, 31]
1/97 (4, 4, 4, 4, 8) [7, 22]
1/96 (8, 12) [2, 20]
1/95 (20, 20, 20) [9, 54]
1/94 (4, 4, 20, 20) [8, 44]
1/93 (4, 4, 6, 6, 20) [9, 36]
1/92 (8, 20, 20) [7, 44]
1/91 (8, 20, 20) [7, 44]
1/90 (8, 20, 20, 20) [13, 59]
1/89 (6, 12, 20, 20) [11, 51]
1/88 (4, 8, 8, 12) [7, 29]
1/87 (6, 12, 12) [5, 28]
1/86 (6, 12, 12) [5, 28]
1/85 (12, 20, 20) [8, 47]
1/84 (4, 6, 12, 20) [8, 38]
1/83 (4, 6, 12, 20) [8, 38]
1/82 (12, 12, 20) [7, 40]
1/81 (8, 8, 8, 20) [9, 39]
1/80 (4, 20) [2, 24]
1/79 (4, 6, 20, 20) [9, 45]
1/78 (8, 8, 20, 20) [11, 49]
1/77 (8, 8, 12) [5, 26]
1/76 (8, 12, 12, 20, 20) [17, 60]
1/75 (4, 20, 20, 20) [12, 56]
1/74 (4, 8, 8, 20) [8, 36]
1/73 (4, 4, 8, 20) [7, 33]
1/72 (6, 12) [2, 18]
1/71 (6, 20, 20, 20) [13, 57]
1/70 (8, 12, 12, 20) [11, 45]
1/69 (6, 20, 20) [7, 42]
1/68 (4, 4, 8, 8) [6, 22]
1/67 (20, 20) [4, 38]
1/66 (4, 4, 12, 12) [7, 29]
1/65 (4, 12, 20, 20) [11, 49]
1/64 (8, 8) [2, 16]
1/63 (12, 12, 12, 12) [11, 41]
1/62 (6, 6, 6, 20) [8, 34]
1/61 (6, 8, 8, 20) [9, 37]
1/60 (6, 12, 20, 20) [12, 50]
1/59 (4, 12, 12, 20) [10, 42]
1/58 (12, 20, 20, 20, 20) [23, 74]
1/57 (8, 20, 20) [8, 43]
1/56 (4, 4, 6, 6, 12) [9, 28]
1/55 (8, 12, 20) [7, 36]
1/54 (6, 6, 6) [4, 17]
1/53 (6, 12, 12, 20) [11, 43]
1/52 (8, 8, 20, 20) [12, 48]
1/51 (8, 8, 8) [5, 22]
1/50 (4, 6, 12, 12) [8, 30]
2/99 (12, 12, 12) [7, 32]
1/49 (8, 8, 8, 12) [9, 31]
2/97 (20, 20, 20) [11, 52]
1/48 (4, 12) [2, 16]
2/95 (4, 6, 12, 20) [9, 37]
1/47 (4, 20, 20) [7, 40]
2/93 (8, 8, 12, 20) [11, 41]
1/46 (12, 20, 20, 20, 20) [24, 73]
2/91 (4, 6, 8, 20, 20) [14, 49]
1/45 (4, 12, 20, 20) [12, 48]
2/89 (4, 8, 8, 12) [8, 28]
1/44 (4, 4, 8, 12) [7, 25]
2/87 (4, 8, 20, 20) [11, 45]
1/43 (6, 20, 20) [8, 41]
2/85 (6, 12, 20, 20) [13, 49]
1/42 (8, 12, 12, 12) [11, 37]
2/83 (6, 6, 12, 20) [10, 38]
1/41 (6, 12, 20) [7, 34]
2/81 (4, 20, 20, 20) [14, 54]
1/40 (6, 20) [3, 25]
2/79 (4, 8, 12, 20) [10, 38]
1/39 (4, 12, 12, 20) [11, 41]
2/77 (4, 8, 12) [5, 22]
1/38 (8, 20, 20) [9, 42]
2/75 (4, 4, 4, 6, 12) [9, 26]
1/37 (6, 6, 6, 6) [7, 21]
2/73 (8, 8, 20) [7, 32]
1/36 (6, 6) [2, 12]
2/71 (4, 4, 20, 20) [10, 42]
1/35 (6, 20, 20, 20, 20) [23, 68]
2/69 (12, 12, 12, 20) [14, 46]
1/34 (6, 6, 6, 6, 12) [11, 30]
2/67 (4, 6, 8, 12) [8, 26]
3/100 (4, 6, 8, 12) [8, 26]
1/33 (8, 12, 12) [7, 28]
3/98 (4, 12, 20, 20) [13, 47]
2/65 (4, 12, 20, 20) [13, 47]
3/97 (4, 6, 6, 6, 8, 20) [15, 41]
1/32 (4, 8) [2, 12]
3/95 (4, 6, 8, 20) [9, 33]
2/63 (12, 20, 20, 20) [18, 58]
3/94 (4, 8, 20, 20, 20) [19, 58]
1/31 (4, 20, 20, 20) [15, 53]
3/92 (4, 4, 12, 12, 20) [14, 43]
2/61 (6, 8, 8, 12, 20, 20) [22, 58]
3/91 (6, 6, 8, 20, 20) [16, 49]
1/30 (4, 4, 4, 4, 4, 6) [10, 22]
3/89 (4, 6, 12, 20) [10, 36]
2/59 (4, 8, 8, 20, 20) [16, 49]
3/88 (4, 4, 8, 8) [7, 21]
1/29 (12, 12, 12, 12) [13, 39]
3/86 (4, 6, 6, 12, 12) [12, 33]
2/57 (4, 6, 12, 12) [9, 29]
3/85 (8, 20, 20, 20) [17, 55]
1/28 (20, 20, 20) [13, 50]
3/83 (6, 6, 8, 20) [10, 34]
2/55 (6, 8, 20) [7, 30]
3/82 (4, 6, 8, 12, 20) [14, 41]
1/27 (6, 6, 12, 20) [11, 37]
3/80 (4, 20) [3, 23]
2/53 (4, 4, 6, 20, 20) [14, 45]
3/79 (8, 8, 20, 20) [14, 46]
1/26 (4, 8, 12, 20) [11, 37]
3/77 (6, 12, 20) [8, 33]
2/51 (8, 8, 8, 8, 8) [13, 32]
3/76 (4, 8, 8, 12) [9, 27]
1/25 (4, 6, 6, 12) [8, 24]
4/99 (6, 6, 12, 20, 20) [18, 51]
3/74 (6, 12, 12) [7, 26]
2/49 (4, 6, 12, 12, 12) [14, 37]
3/73 (6, 8, 8, 8) [9, 25]
4/97 (4, 12, 20, 20) [14, 46]
1/24 (4, 6) [2, 10]
4/95 (4, 6, 6, 20) [9, 31]
3/71 (4, 8, 12, 12) [10, 30]
2/47 (4, 6, 8, 20, 20) [16, 47]
3/70 (8, 12, 12, 20) [14, 42]
4/93 (6, 12, 20, 20) [15, 47]
1/23 (6, 8, 8, 12, 20) [16, 43]
4/91 (4, 4, 6, 8, 20) [12, 35]
3/68 (4, 4, 6, 12, 20) [13, 38]
2/45 (8, 20, 20, 20) [18, 54]
3/67 (6, 6, 20, 20) [13, 43]
4/89 (4, 6, 8, 8) [8, 22]
1/22 (20, 20, 20) [14, 49]
4/87 (8, 8, 12, 20) [13, 39]
3/65 (4, 20, 20) [9, 38]
2/43 (6, 6, 6, 6, 20) [13, 36]
3/64 (8, 8) [3, 15]
4/85 (6, 8, 12, 12) [11, 31]
1/21 (6, 8, 20, 20) [14, 44]
4/83 (12, 12, 12, 12) [14, 38]
3/62 (6, 20, 20) [10, 39]
2/41 (4, 4, 6, 12, 12) [12, 31]
3/61 (4, 4, 4, 8, 12, 12) [15, 35]
4/81 (4, 4, 4, 20, 20) [14, 43]
1/20 (20,) [1, 20]
5/99 (4, 6, 8, 20) [10, 32]
4/79 (8, 8, 20, 20) [15, 45]
3/59 (4, 4, 4, 6, 12) [10, 25]
5/98 (6, 8, 8, 12, 12, 12) [20, 44]
2/39 (8, 20, 20) [11, 40]
5/97 (4, 4, 6, 20, 20) [15, 44]
3/58 (4, 4, 4, 6, 20) [11, 32]
4/77 (4, 20, 20, 20) [17, 51]
5/96 (4, 4, 12) [5, 18]
1/19 (12, 12, 12, 20) [16, 44]
5/94 (4, 8, 20) [7, 28]
4/75 (4, 4, 4, 6, 6) [9, 20]
3/56 (8, 8, 12, 12) [12, 32]
5/93 (6, 6, 12, 20) [12, 36]
2/37 (6, 6, 6, 6) [8, 20]
5/92 (4, 4, 8, 20, 20) [16, 45]
3/55 (6, 8, 8, 12, 12, 20) [22, 50]
4/73 (4, 6, 8, 8, 20) [14, 37]
5/91 (6, 8, 12, 20, 20) [20, 51]
1/18 (4, 4, 20, 20) [12, 40]
5/89 (4, 6, 12, 12) [10, 28]
4/71 (4, 8, 8, 12, 20) [16, 41]
3/53 (4, 4, 4, 4, 8, 8, 20) [18, 41]
5/88 (20, 20, 20) [15, 48]
2/35 (4, 4, 4, 8, 8) [10, 23]
5/87 (6, 12, 20, 20, 20) [24, 59]
3/52 (6, 12, 20) [9, 32]
4/69 (4, 4, 6, 6, 20) [12, 33]
5/86 (12, 12, 12, 20, 20) [24, 57]
1/17 (6, 6, 6, 6, 6) [11, 24]
5/84 (12, 20, 20) [13, 42]
4/67 (6, 6, 20, 20) [14, 42]
3/50 (4, 4, 8, 8, 12, 12) [17, 37]
5/83 (6, 6, 8, 12) [10, 26]
2/33 (4, 8, 20, 20) [14, 42]
5/82 (12, 20, 20, 20) [21, 55]
3/49 (6, 8, 8, 20, 20) [19, 48]
4/65 (4, 12, 12, 12) [12, 32]
5/81 (6, 6, 12, 12) [11, 29]
6/97 (4, 12, 12, 12, 20) [19, 46]
1/16 (4, 4) [2, 8]
6/95 (8, 8, 12, 20) [14, 38]
5/79 (8, 8, 12, 20) [14, 38]
4/63 (4, 8, 8, 12) [10, 26]
3/47 (4, 4, 4, 4, 4, 12) [12, 26]
5/78 (4, 8, 12, 12) [11, 29]
2/31 (6, 20, 20) [11, 38]
5/77 (4, 4, 4, 8, 12) [11, 26]
3/46 (4, 8, 8, 12, 12, 12) [20, 42]
4/61 (8, 8, 20) [9, 30]
5/76 (6, 20, 20, 20) [19, 51]
6/91 (6, 20, 20, 20) [19, 51]
1/15 (4, 4, 4, 20, 20, 20) [23, 55]
6/89 (8, 20, 20) [12, 39]
5/74 (8, 20, 20) [12, 39]
4/59 (4, 4, 12, 20) [11, 33]
3/44 (4, 4, 6, 8, 8) [11, 24]
5/73 (12, 12, 12, 20) [17, 43]
2/29 (4, 12, 20, 20) [16, 44]
5/72 (12, 12) [5, 21]
3/43 (4, 6, 6, 20, 20) [17, 44]
7/100 (20, 20) [8, 34]
4/57 (4, 4, 8, 20, 20, 20) [25, 57]
5/71 (4, 8, 8, 8, 12) [14, 31]
6/85 (6, 8, 8, 12) [11, 27]
7/99 (4, 4, 8, 20, 20) [17, 44]
1/14 (12, 12, 20, 20, 20, 20) [36, 74]
7/97 (20, 20, 20, 20, 20) [33, 72]
6/83 (4, 4, 20, 20, 20) [21, 52]
5/69 (6, 8, 8, 12, 12) [16, 35]
4/55 (4, 6, 8, 20, 20) [18, 45]
7/96 (8, 8, 12) [8, 23]
3/41 (4, 4, 20, 20) [13, 39]
5/68 (4, 20, 20, 20, 20) [27, 62]
7/95 (4, 4, 4, 8, 8, 12) [15, 31]
2/27 (12, 20, 20, 20) [22, 54]
7/94 (4, 4, 4, 4, 6, 12) [13, 27]
5/67 (6, 6, 12, 20) [13, 35]
3/40 (4, 20) [4, 22]
7/93 (4, 6, 20, 20) [14, 40]
4/53 (4, 4, 8, 12) [9, 23]
5/66 (12, 20, 20) [14, 41]
6/79 (4, 8, 12, 20) [13, 35]
7/92 (4, 8, 12, 20) [13, 35]
1/13 (6, 6, 12, 12, 12, 20) [24, 50]
7/90 (6, 6, 20) [8, 27]
6/77 (4, 4, 4, 4, 8, 20) [15, 35]
5/64 (4, 4, 8) [5, 14]
4/51 (4, 20, 20, 20) [19, 49]
7/89 (4, 6, 6, 8, 8) [12, 25]
3/38 (20, 20, 20, 20) [25, 59]
5/63 (4, 4, 4, 4, 6) [9, 18]
7/88 (6, 8, 12, 20) [14, 36]
2/25 (6, 20, 20, 20) [20, 50]
7/87 (6, 12, 20) [10, 31]
5/62 (6, 12, 20) [10, 31]
8/99 (4, 6, 6, 8, 12) [13, 28]
3/37 (6, 6, 12) [7, 20]
7/86 (6, 6, 8, 8, 20) [16, 37]
4/49 (12, 12, 20, 20) [20, 48]
5/61 (8, 8, 8, 8, 12, 20) [23, 47]
6/73 (4, 4, 4, 12, 20) [14, 35]
7/85 (8, 20, 20, 20) [21, 51]
8/97 (6, 12, 12, 12, 12) [19, 40]
1/12 (12,) [1, 12]
8/95 (4, 6, 8, 12) [10, 24]
7/83 (8, 8, 12, 20) [15, 37]
6/71 (6, 6, 12, 12, 12) [17, 36]
5/59 (4, 4, 8, 20, 20, 20) [26, 56]
4/47 (6, 6, 8, 12, 12, 12) [21, 41]
7/82 (8, 12, 20) [11, 32]
3/35 (4, 4, 6, 12, 20) [15, 36]
8/93 (8, 12, 20, 20, 20) [27, 58]
5/58 (8, 20, 20) [13, 38]
7/81 (6, 8, 20) [9, 28]
2/23 (6, 8, 8, 8, 20) [17, 38]
7/80 (12, 20) [7, 27]
5/57 (4, 6, 6, 8, 12, 20) [20, 42]
8/91 (4, 4, 4, 4, 6, 6) [12, 22]
3/34 (6, 6, 6, 8, 12) [14, 29]
7/79 (4, 8, 12) [7, 20]
4/45 (12, 20, 20, 20) [23, 53]
5/56 (4, 4, 8, 20, 20) [18, 43]
6/67 (4, 4, 4, 12, 20, 20) [22, 48]
7/78 (6, 6, 12, 12) [12, 28]
8/89 (4, 12, 12, 20) [15, 37]
9/100 (20, 20) [9, 33]
1/11 (6, 6, 20, 20, 20) [24, 53]
9/98 (4, 12, 12, 20, 20) [23, 50]
8/87 (4, 8, 12, 12) [12, 28]
7/76 (4, 8, 12, 12) [12, 28]
6/65 (8, 8, 8, 8, 20) [18, 39]
5/54 (6, 6, 6) [6, 15]
9/97 (4, 4, 12, 20) [12, 32]
4/43 (6, 12, 12, 20) [16, 38]
7/75 (8, 8, 8, 20) [14, 34]
3/32 (4, 8) [3, 11]
8/85 (4, 6, 8, 12, 20) [17, 38]
5/53 (4, 8, 8, 20, 20) [20, 45]
7/74 (12, 20, 20) [15, 40]
9/95 (6, 12, 12, 12, 12, 12) [25, 47]
2/21 (4, 6, 20, 20) [15, 39]
9/94 (4, 4, 4, 4, 4, 8) [12, 22]
7/73 (4, 4, 4, 4, 4, 20) [14, 32]
5/52 (6, 12, 12) [9, 24]
8/83 (6, 6, 6, 6, 20) [15, 34]
3/31 (20, 20, 20, 20, 20) [35, 70]
7/72 (6, 8, 12) [8, 21]
4/41 (6, 8, 12, 12) [13, 29]
9/92 (4, 4, 4, 4, 12, 20) [17, 37]
5/51 (4, 8, 20, 20) [16, 40]
6/61 (4, 4, 4, 6, 20, 20) [20, 44]
7/71 (8, 20, 20, 20) [22, 50]
8/81 (4, 8, 8, 12, 20) [18, 39]
9/91 (4, 6, 6, 20) [11, 29]
1/10 (20,) [2, 19]
10/99 (4, 8, 12, 20) [14, 34]
9/89 (4, 8, 12, 20) [14, 34]
8/79 (4, 4, 4, 8, 20, 20) [21, 45]
7/69 (4, 4, 4, 4, 6, 20) [15, 33]
6/59 (4, 20, 20, 20, 20) [29, 60]
5/49 (20, 20, 20) [18, 45]
9/88 (6, 12, 12, 12, 20) [22, 45]
4/39 (4, 20, 20) [12, 35]
7/68 (4, 12, 12, 12, 12) [19, 38]
10/97 (4, 4, 20) [7, 24]
3/29 (4, 6, 6, 6, 12, 12) [18, 34]
8/77 (4, 6, 6, 6, 8) [12, 23]
5/48 (8, 12) [5, 17]
7/67 (6, 8, 12, 20) [15, 35]
9/86 (6, 20, 20) [13, 36]
2/19 (8, 8, 12, 12) [14, 30]
9/85 (6, 8, 8, 8) [11, 23]
7/66 (4, 4, 6, 8, 8, 12, 12) [22, 39]
5/47 (4, 12, 20, 20) [18, 42]
8/75 (6, 12, 12, 12, 12) [20, 39]
3/28 (6, 8, 8, 8, 12) [16, 31]
10/93 (8, 20, 20) [14, 37]
7/65 (6, 12, 20) [11, 30]
4/37 (6, 6, 20, 20, 20) [25, 52]
9/83 (4, 8, 8, 12, 12, 20) [24, 46]
5/46 (6, 6, 8, 8, 20) [17, 36]
6/55 (12, 12, 12, 20) [19, 41]
7/64 (8, 8, 8) [8, 19]
8/73 (4, 4, 4, 12, 20, 20) [23, 47]
9/82 (4, 4, 6, 8, 8) [12, 23]
10/91 (4, 6, 6, 20, 20) [19, 42]
11/100 (4, 4, 6, 8, 12) [13, 26]
1/9 (6, 6, 8, 20) [13, 31]
11/98 (4, 6, 20, 20, 20, 20) [33, 63]
10/89 (4, 6, 8, 8, 12, 20, 20) [30, 55]
9/80 (20, 20) [10, 32]
8/71 (4, 20, 20, 20) [21, 47]
7/62 (4, 4, 12, 12) [11, 25]
6/53 (4, 4, 8, 8) [9, 19]
11/97 (6, 8, 12, 20, 20, 20) [32, 60]
5/44 (6, 8, 8, 8, 8) [15, 28]
9/79 (6, 6, 20) [9, 26]
4/35 (6, 6, 6, 6, 12) [14, 27]
11/96 (6, 8, 12, 12, 20) [21, 42]
7/61 (4, 12, 12, 20) [16, 36]
10/87 (4, 12, 12, 20) [16, 36]
3/26 (8, 12, 12, 20, 20) [26, 51]
11/95 (12, 20, 20) [16, 39]
8/69 (4, 4, 4, 6, 20) [13, 30]
5/43 (4, 6, 6, 12, 20) [17, 36]
7/60 (12, 20) [8, 26]
9/77 (12, 12, 12, 12, 12, 12, 12) [34, 57]
11/94 (8, 20, 20, 20) [23, 49]
2/17 (4, 6, 20, 20) [16, 38]
11/93 (4, 20, 20, 20, 20) [30, 59]
9/76 (4, 6, 8, 12, 12) [16, 31]
7/59 (4, 6, 12, 12) [12, 26]
5/42 (4, 4, 12, 20, 20) [21, 44]
8/67 (6, 12, 12, 12) [15, 31]
11/92 (6, 12, 12, 12) [15, 31]
3/25 (4, 4, 6, 8, 8, 8) [16, 28]
10/83 (6, 20, 20, 20, 20, 20) [40, 72]
7/58 (4, 8, 20, 20) [17, 39]
11/91 (6, 8, 20) [10, 27]
4/33 (20, 20, 20) [19, 44]
9/74 (6, 6, 8) [7, 16]
5/41 (4, 4, 12, 20) [13, 31]
11/90 (8, 12, 20, 20, 20, 20, 20) [47, 80]
6/49 (8, 12, 12, 20) [18, 38]
7/57 (6, 8, 20, 20) [18, 40]
8/65 (8, 8, 8, 20) [15, 33]
9/73 (4, 4, 6, 8, 8, 20) [19, 37]
10/81 (4, 4, 8, 8, 8, 12) [18, 32]
11/89 (4, 4, 8, 8, 8, 12) [18, 32]
12/97 (4, 4, 4, 8, 20, 20) [22, 44]
1/8 (8,) [1, 8]
12/95 (4, 20, 20) [13, 34]
11/87 (12, 12, 20) [14, 33]
10/79 (20, 20, 20, 20, 20) [37, 68]
9/71 (4, 8, 12, 12) [13, 27]
8/63 (12, 20, 20, 20, 20) [34, 63]
7/55 (8, 8, 20) [11, 28]
6/47 (6, 6, 20, 20, 20) [26, 51]
11/86 (4, 6, 6, 8, 20, 20) [24, 46]
5/39 (4, 4, 20, 20, 20, 20) [33, 61]
9/70 (4, 12, 12) [9, 22]
4/31 (4, 12, 20, 20) [19, 41]
11/85 (4, 4, 4, 20, 20) [18, 39]
7/54 (6, 6, 12) [8, 19]
10/77 (4, 4, 4, 4, 8, 12) [15, 27]
13/100 (6, 6, 6, 8, 20, 20) [25, 47]
3/23 (4, 4, 4, 6, 12, 20) [19, 37]
11/84 (4, 4, 4, 8) [8, 16]
8/61 (4, 4, 12, 12, 20) [19, 38]
13/99 (8, 20) [7, 23]
5/38 (4, 12, 12, 12, 12) [20, 37]
12/91 (6, 6, 6, 8, 8) [14, 25]
7/53 (4, 4, 4, 12, 20, 20) [24, 46]
9/68 (4, 4, 4, 4, 8, 8) [14, 24]
11/83 (6, 8, 12, 12) [14, 28]
13/98 (8, 8, 20, 20, 20) [28, 53]
2/15 (4, 8, 8, 12, 12, 20) [25, 45]
13/97 (8, 12, 20, 20) [21, 43]
11/82 (12, 12, 12, 20) [20, 40]
9/67 (6, 12, 12) [10, 23]
7/52 (4, 4, 4, 4, 6, 20, 20) [24, 45]
12/89 (6, 20, 20, 20) [23, 47]
5/37 (4, 4, 12, 12, 12) [17, 32]
13/96 (4, 8, 12) [8, 19]
8/59 (4, 12, 20, 20, 20) [28, 53]
11/81 (6, 6, 8, 8, 12) [16, 29]
3/22 (4, 6, 8, 8, 8) [14, 25]
13/95 (8, 12, 12, 20, 20) [27, 50]
10/73 (4, 6, 8, 8, 20) [17, 34]
7/51 (4, 6, 6, 6, 6) [12, 21]
11/80 (20, 20) [11, 31]
4/29 (6, 20, 20, 20, 20) [32, 59]
13/94 (8, 8, 12, 20) [17, 35]
9/65 (6, 6, 8, 20, 20) [22, 43]
5/36 (6, 12) [5, 15]
11/79 (12, 12, 12, 12, 20) [26, 47]
6/43 (12, 20, 20) [17, 38]
13/93 (8, 8, 8, 12, 12, 20) [27, 47]
7/50 (4, 6, 6, 6) [9, 17]
8/57 (6, 6, 6, 6, 12, 20) [22, 40]
9/64 (4, 4, 20, 20) [16, 36]
10/71 (6, 6, 8, 8, 20) [18, 35]
11/78 (4, 4, 6, 6, 6, 8, 20) [22, 39]
12/85 (6, 6, 6, 20) [13, 29]
13/92 (6, 6, 6, 20, 20, 20) [30, 54]
14/99 (6, 8, 8, 20, 20) [23, 44]
1/7 (4, 4, 6, 12, 12) [15, 28]
14/97 (8, 8, 8, 20, 20) [24, 45]
13/90 (4, 4, 4, 12) [9, 19]
12/83 (4, 4, 4, 12) [9, 19]
11/76 (6, 6, 20, 20) [18, 38]
10/69 (12, 20, 20, 20) [26, 50]
9/62 (8, 8, 12, 12, 20) [23, 42]
8/55 (6, 8, 8, 12) [13, 25]
7/48 (12, 12) [7, 19]
13/89 (4, 6, 6, 8, 12, 12) [20, 34]
6/41 (12, 12, 12, 20, 20, 20) [38, 64]
11/75 (6, 12, 12, 20) [18, 36]
5/34 (4, 4, 6, 6, 6, 20) [18, 34]
14/95 (4, 6, 6, 12, 20) [18, 35]
9/61 (4, 4, 4, 8, 8, 8, 20) [23, 40]
13/88 (6, 8, 20, 20) [19, 39]
4/27 (4, 4, 4, 4, 6, 6) [13, 21]
11/74 (4, 8, 8, 20) [14, 30]
7/47 (4, 6, 12, 20, 20, 20) [32, 56]
10/67 (6, 6, 20, 20, 20) [27, 50]
13/87 (4, 6, 6, 6, 8, 8, 20) [24, 41]
3/20 (20,) [3, 18]
14/93 (8, 8, 20, 20) [20, 40]
11/73 (8, 8, 20, 20) [20, 40]
8/53 (4, 4, 6, 8) [9, 17]
13/86 (4, 8, 12, 20, 20, 20) [33, 57]
5/33 (4, 8, 8, 8, 8, 8) [19, 31]
12/79 (4, 6, 8, 12, 20) [19, 36]
7/46 (4, 6, 20) [9, 24]
9/59 (4, 20, 20) [14, 33]
11/72 (4, 6, 6, 6, 8, 12) [18, 30]
13/85 (4, 6, 6, 8, 20, 20) [25, 45]
15/98 (6, 8, 12, 12, 20, 20, 20) [40, 65]
2/13 (4, 4, 8, 8, 20, 20) [25, 45]
15/97 (6, 20, 20) [15, 34]
13/84 (4, 6, 6, 8, 12, 20, 20) [31, 52]
11/71 (6, 12, 12, 12) [16, 30]
9/58 (4, 4, 12, 20) [14, 30]
7/45 (6, 6, 20) [10, 25]
12/77 (8, 12, 12, 12, 20) [25, 44]
5/32 (8, 8) [5, 13]
13/83 (4, 6, 8, 12, 12) [17, 30]
8/51 (8, 8, 8, 8, 12, 20) [26, 44]
11/70 (8, 8, 8, 20) [16, 32]
14/89 (12, 12, 20) [15, 32]
3/19 (6, 12, 12, 20, 20) [27, 48]
13/82 (4, 4, 4, 20, 20, 20) [28, 50]
10/63 (4, 6, 12, 20) [15, 31]
7/44 (4, 4, 6, 12, 20, 20) [26, 46]
11/69 (6, 8, 8, 12, 20) [21, 38]
15/94 (4, 4, 4, 12, 20, 20, 20) [34, 57]
4/25 (6, 6, 8, 8, 20, 20, 20) [36, 59]
13/81 (6, 8, 20) [11, 26]
9/56 (4, 4, 6, 6, 20) [15, 30]
14/87 (4, 6, 6, 8, 8, 20) [21, 37]
5/31 (4, 6, 6, 12, 20, 20) [27, 47]
16/99 (4, 4, 12, 12, 20) [20, 37]
11/68 (20, 20, 20, 20, 20) [39, 66]
6/37 (12, 12, 12, 20) [21, 39]
13/80 (4, 4, 4, 4, 4, 6, 20) [19, 34]
7/43 (4, 6, 8, 20, 20) [22, 41]
15/92 (4, 6, 8, 20, 20, 20, 20) [40, 65]
8/49 (4, 4, 4, 4, 12, 12) [17, 29]
9/55 (4, 4, 4, 6, 12, 20) [20, 36]
10/61 (6, 6, 6, 20, 20, 20) [31, 53]
11/67 (4, 6, 6, 6, 20) [16, 31]
12/73 (4, 8, 8, 12, 12) [18, 31]
13/79 (4, 6, 12, 12, 20) [21, 38]
14/85 (4, 12, 12, 12, 12) [21, 36]
15/91 (4, 6, 6, 12) [11, 21]
16/97 (20, 20) [12, 30]
1/6 (6,) [1, 6]
16/95 (4, 8, 12, 12) [14, 26]
15/89 (4, 8, 12, 12, 20) [22, 39]
14/83 (6, 6, 6, 8, 8, 12) [20, 32]
13/77 (6, 8, 8, 12, 20, 20) [30, 50]
12/71 (4, 4, 12, 20, 20) [23, 42]
11/65 (4, 4, 8, 12) [11, 21]
10/59 (6, 8, 8, 12, 12) [19, 32]
9/53 (4, 6, 6, 6, 12, 20) [22, 38]
17/100 (4, 4, 12, 20, 20, 20) [32, 54]
8/47 (4, 6, 20, 20) [18, 36]
15/88 (4, 4, 8, 8, 20) [17, 32]
7/41 (6, 6, 20, 20, 20, 20) [37, 61]
13/76 (4, 6, 12, 20, 20) [24, 43]
6/35 (6, 6, 6, 8, 12) [16, 27]
17/99 (8, 8, 8, 12, 20, 20) [31, 51]
11/64 (4, 4, 12) [7, 16]
16/93 (4, 6, 12, 12, 20, 20) [30, 50]
5/29 (6, 6, 6, 8, 20) [18, 33]
14/81 (4, 6, 8, 12, 12, 12) [23, 37]
9/52 (4, 8, 20, 20) [19, 37]
13/75 (4, 4, 4, 6, 20, 20) [23, 41]
17/98 (4, 4, 12, 12, 12) [18, 31]
4/23 (4, 8, 12, 20, 20) [25, 44]
15/86 (4, 4, 4, 6) [8, 14]
11/63 (4, 6, 8, 8, 12) [16, 27]
7/40 (4, 20) [6, 20]
17/97 (6, 8, 20, 20) [20, 38]
10/57 (6, 8, 20, 20, 20) [29, 50]
13/74 (4, 4, 6, 6, 20, 20, 20) [33, 54]
16/91 (4, 4, 4, 20) [11, 25]
3/17 (4, 6, 6, 8, 8) [14, 23]
17/96 (4, 6, 8) [7, 14]
14/79 (4, 4, 6, 6, 6, 8, 20) [23, 38]
11/62 (4, 6, 8, 12) [12, 22]
8/45 (6, 12, 20, 20, 20, 20) [40, 64]
13/73 (8, 8, 20, 20) [21, 39]
5/28 (4, 8, 8, 12, 12, 12) [24, 38]
17/95 (6, 12, 12, 20) [19, 35]
12/67 (8, 12, 20) [14, 29]
7/39 (6, 12, 12) [11, 22]
16/89 (4, 6, 6, 8, 20, 20, 20) [35, 56]
9/50 (4, 6, 6, 6, 12, 12) [20, 32]
11/61 (4, 4, 4, 12, 12, 20) [23, 39]
13/72 (4, 6, 12) [8, 17]
15/83 (4, 12, 20, 20, 20) [30, 51]
17/94 (4, 4, 8, 20) [13, 27]
2/11 (6, 12, 12, 12, 20) [25, 42]
17/93 (8, 12, 12, 20) [20, 36]
15/82 (4, 4, 6, 12, 12, 20) [24, 40]
13/71 (6, 6, 6, 20) [14, 28]
11/60 (6, 20, 20) [16, 33]
9/49 (4, 4, 8, 12, 20) [19, 34]
16/87 (6, 12, 12, 12, 20, 20) [34, 54]
7/38 (4, 6, 8, 20) [14, 28]
12/65 (4, 4, 4, 4, 8) [11, 18]
17/92 (6, 8, 8, 8, 8, 12) [22, 34]
5/27 (6, 6, 8, 12) [13, 23]
18/97 (8, 8, 8, 8, 20) [21, 36]
13/70 (8, 8, 8, 8, 20) [21, 36]
8/43 (8, 20, 20, 20, 20, 20, 20) [54, 81]
11/59 (8, 12, 20, 20) [23, 41]
14/75 (4, 6, 8, 12, 20) [20, 35]
17/91 (6, 6, 6, 8, 8) [15, 24]
3/16 (4, 4) [3, 7]
16/85 (6, 6, 6, 12, 12, 20) [26, 42]
13/69 (4, 8, 8, 12) [13, 23]
10/53 (4, 4, 4, 6, 8, 12) [17, 27]
17/90 (4, 6, 8, 8) [11, 19]
7/37 (12, 12, 12, 20, 20, 20) [40, 62]
18/95 (4, 4, 8, 20, 20) [22, 39]
11/58 (4, 4, 8, 8, 12, 12) [21, 33]
15/79 (6, 6, 12) [9, 18]
19/100 (4, 6, 8, 8, 8, 8) [19, 29]
4/21 (4, 4, 20, 20, 20, 20) [36, 58]
17/89 (6, 6, 8, 20, 20, 20) [33, 53]
13/68 (4, 12, 12, 12) [16, 28]
9/47 (6, 8, 8, 20) [16, 30]
14/73 (4, 6, 20, 20, 20, 20) [37, 59]
19/99 (6, 6, 8, 12, 12, 20) [27, 43]
5/26 (4, 4, 12, 12, 12, 12, 12) [30, 45]
16/83 (4, 8, 12) [9, 18]
11/57 (6, 6, 20, 20, 20, 20) [38, 60]
17/88 (12, 12, 12, 12, 20, 20) [37, 57]
6/31 (6, 6, 8, 20, 20) [24, 41]
19/98 (4, 4, 8, 8, 8, 8, 20, 20) [35, 53]
13/67 (12, 12, 12, 20, 20) [31, 50]
7/36 (12, 12) [8, 18]
15/77 (12, 12, 12, 12, 20) [28, 45]
8/41 (8, 8, 12, 12, 12) [22, 35]
17/87 (6, 8, 8, 12, 12, 20) [28, 44]
9/46 (4, 4, 12, 12, 20) [21, 36]
19/97 (4, 4, 6, 8, 8, 20) [21, 35]
10/51 (4, 6, 12, 20) [16, 30]
11/56 (6, 8, 8, 20, 20) [25, 42]
12/61 (4, 4, 6, 6, 8, 20, 20) [29, 46]
13/66 (4, 6, 12, 12, 12, 12, 20, 20) [43, 63]
14/71 (4, 6, 20, 20, 20) [28, 47]
15/76 (8, 8, 8, 12, 20) [23, 38]
16/81 (4, 4, 4, 4, 12, 20) [20, 34]
17/86 (4, 4, 12, 20, 20) [24, 41]
18/91 (4, 4, 12, 20, 20) [24, 41]
19/96 (4, 4, 4, 4, 20, 20, 20) [32, 51]
1/5 (20,) [4, 17]
20/99 (4, 4, 4, 6, 12, 12, 20) [27, 42]
19/94 (8, 8, 12, 12, 12, 12) [28, 42]
18/89 (6, 6, 20, 20) [20, 36]
17/84 (6, 6, 20, 20) [20, 36]
16/79 (4, 8, 12, 20, 20) [26, 43]
15/74 (4, 4, 4, 6, 20) [15, 28]
14/69 (8, 12, 12, 12) [18, 30]
13/64 (4, 8, 8) [8, 15]
12/59 (4, 4, 4, 6, 20, 20) [24, 40]
11/54 (6, 8, 12, 12, 20, 20) [33, 51]
10/49 (6, 8, 20) [12, 25]
19/93 (6, 8, 12, 12, 20) [24, 39]
9/44 (4, 8, 8, 8, 8) [16, 25]
17/83 (4, 4, 4, 8, 12) [14, 23]
8/39 (6, 8, 20, 20) [21, 37]
15/73 (4, 4, 4, 8, 20) [16, 29]
7/34 (6, 12, 12, 12, 12) [23, 36]
20/97 (4, 4, 4, 8, 20, 20) [25, 41]
13/63 (4, 12, 20, 20, 20) [31, 50]
19/92 (4, 8, 8, 8, 8, 20) [24, 38]
6/29 (4, 4, 6, 6, 6, 12, 12) [23, 34]
17/82 (4, 6, 6, 6, 20) [17, 30]
11/53 (4, 6, 6, 6, 20, 20) [26, 42]
16/77 (8, 8, 20) [13, 26]
5/24 (4, 12) [5, 13]
19/91 (6, 6, 6, 6, 8, 12) [20, 30]
14/67 (4, 6, 12, 12) [14, 24]
9/43 (12, 20, 20, 20, 20) [38, 59]
13/62 (6, 20, 20, 20) [26, 44]
17/81 (4, 4, 4, 4, 4, 6) [13, 19]
21/100 (8, 12, 20, 20, 20) [33, 52]
4/19 (4, 12, 12, 20, 20) [28, 45]
19/90 (4, 4, 8, 8, 12, 20) [24, 38]
15/71 (4, 4, 8, 8, 20, 20) [27, 43]
11/52 (4, 12, 20, 20) [22, 38]
18/85 (4, 4, 8, 8, 20) [18, 31]
7/33 (4, 4, 6, 8, 12) [15, 24]
17/80 (4, 20, 20) [16, 31]
10/47 (6, 6, 6, 8, 12, 12, 20) [31, 46]
13/61 (4, 6, 8, 12, 12, 12) [24, 36]
16/75 (6, 6, 6, 8, 20) [19, 32]
19/89 (6, 12, 20, 20) [23, 39]
3/14 (6, 12, 12, 20) [20, 34]
20/93 (4, 4, 6, 12, 12, 20, 20) [34, 51]
17/79 (4, 4, 4, 12, 20) [18, 31]
14/65 (6, 6, 6, 20, 20, 20) [33, 51]
11/51 (4, 4, 4, 20, 20) [21, 36]
19/88 (12, 12, 20, 20, 20) [35, 54]
8/37 (6, 8, 8) [9, 16]
21/97 (6, 8, 8, 8) [13, 21]
13/60 (8, 12, 12, 12, 12, 20) [33, 49]
18/83 (4, 4, 4, 8) [9, 15]
5/23 (4, 4, 4, 6, 12, 12) [19, 29]
17/78 (4, 8, 8, 8, 20) [20, 33]
12/55 (8, 12, 20) [15, 28]
19/87 (4, 8, 8, 20, 20, 20) [34, 52]
7/32 (8, 12) [7, 15]
16/73 (4, 4, 4, 6, 6, 6, 12) [20, 29]
9/41 (12, 12, 12, 12, 20, 20) [38, 56]
20/91 (4, 6, 6, 20, 20) [23, 38]
11/50 (4, 4, 4, 4, 4, 4, 12, 12) [23, 33]
13/59 (8, 8, 8, 12, 12) [21, 32]
15/68 (4, 4, 8, 20, 20) [23, 38]
17/77 (8, 8, 8, 8, 20, 20) [31, 47]
19/86 (20, 20, 20) [23, 40]
21/95 (20, 20, 20) [23, 40]
2/9 (4, 6, 6, 6) [10, 16]
21/94 (4, 4, 20, 20, 20) [28, 45]
19/85 (4, 4, 20, 20, 20) [28, 45]
17/76 (6, 6, 6, 12, 20) [21, 34]
15/67 (4, 6, 8, 12, 12, 20) [27, 41]
13/58 (8, 8, 8, 8, 20) [22, 35]
11/49 (4, 8, 12, 20, 20, 20) [36, 54]
20/89 (4, 6, 8, 12, 20) [21, 34]
9/40 (4, 20) [7, 19]
16/71 (4, 4, 12, 12, 12, 12) [25, 37]
7/31 (12, 20, 20) [20, 35]
19/84 (6, 6, 8, 12, 12, 20) [28, 42]
12/53 (6, 6, 12, 12, 12) [21, 32]
17/75 (4, 6, 6, 20) [14, 26]
22/97 (4, 6, 6, 20) [14, 26]
5/22 (6, 6, 8, 12, 20) [22, 35]
18/79 (4, 6, 6, 6, 12, 12) [21, 31]
13/57 (4, 6, 6, 6, 8) [14, 21]
21/92 (4, 6, 8, 8, 12) [17, 26]
8/35 (4, 6, 6, 12) [12, 20]
19/83 (4, 6, 8, 20) [15, 27]
11/48 (12, 20) [11, 23]
14/61 (4, 4, 4, 6, 6, 20) [19, 31]
17/74 (8, 8, 8, 8) [14, 22]
20/87 (8, 8, 12, 12) [17, 27]
23/100 (4, 4, 4, 4, 8, 20) [19, 31]
3/13 (6, 8, 8, 12, 20) [23, 36]
22/95 (6, 12, 12) [12, 21]
19/82 (4, 6, 8, 20, 20, 20, 20) [43, 62]
16/69 (4, 8, 8, 20) [16, 28]
13/56 (4, 4, 4, 6, 8, 20) [20, 32]
23/99 (6, 8, 12, 12, 12) [22, 33]
10/43 (4, 4, 12, 12, 20) [22, 35]
17/73 (6, 6, 12, 20, 20) [27, 42]
7/30 (4, 8, 12, 12, 12, 12) [27, 39]
18/77 (4, 4, 6, 8, 8) [14, 21]
11/47 (4, 4, 12, 20) [16, 28]
15/64 (8, 8) [6, 12]
19/81 (4, 4, 6, 6, 6, 8, 12) [22, 31]
23/98 (6, 6, 20, 20) [21, 35]
4/17 (6, 6, 6, 12) [13, 21]
21/89 (4, 4, 4, 12, 20, 20, 20) [37, 54]
17/72 (4, 6, 6) [7, 12]
13/55 (6, 8, 12, 12, 12, 12) [28, 40]
22/93 (4, 6, 6, 6, 8, 20) [22, 34]
9/38 (4, 8, 8, 8, 12) [18, 27]
23/97 (4, 20, 20, 20) [26, 42]
14/59 (8, 8, 8, 20) [18, 30]
19/80 (4, 4, 6, 8, 8, 20) [22, 34]
5/21 (4, 8, 12, 12, 20) [24, 37]
21/88 (4, 12, 12, 12) [17, 27]
16/67 (4, 12, 12, 12) [17, 27]
11/46 (6, 6, 6, 6) [11, 17]
17/71 (4, 4, 4, 4, 4, 8) [14, 20]
23/96 (8, 12, 12) [13, 22]
6/25 (4, 4, 6, 12, 12) [17, 26]
19/79 (6, 8, 12, 12, 20) [25, 38]
13/54 (4, 8, 12, 20) [18, 30]
20/83 (8, 20, 20, 20) [28, 44]
7/29 (4, 4, 4, 4, 8, 12) [17, 25]
22/91 (6, 6, 6, 8, 12, 20, 20) [35, 50]
15/62 (6, 6, 6, 6, 20, 20) [28, 42]
23/95 (6, 6, 6, 8, 8, 20) [24, 36]
8/33 (6, 8, 8, 8, 12) [19, 28]
17/70 (6, 12, 12, 20, 20) [30, 45]
9/37 (4, 4, 6, 6, 12, 20) [23, 35]
19/78 (8, 8, 12, 12, 20) [26, 39]
10/41 (4, 12, 20, 20) [23, 37]
21/86 (4, 12, 12, 12, 12) [23, 34]
11/45 (4, 4, 4, 4, 4, 6, 12, 20) [27, 39]
23/94 (4, 6, 8, 20, 20, 20) [34, 50]
12/49 (4, 4, 4, 8, 8, 8, 12) [23, 32]
13/53 (4, 6, 6, 12, 12) [18, 27]
14/57 (4, 6, 6, 6, 12, 20) [24, 36]
15/61 (6, 12, 20, 20) [24, 38]
16/65 (4, 20, 20) [17, 30]
17/69 (4, 8, 8, 8, 8, 20) [25, 37]
18/73 (8, 8, 12, 20) [20, 32]
19/77 (4, 4, 6, 8, 12, 20) [24, 36]
20/81 (4, 4, 4, 12, 20, 20) [28, 42]
21/85 (12, 20, 20, 20) [30, 46]
22/89 (4, 8, 8, 8, 12, 12) [24, 34]
23/93 (4, 6, 6, 8) [11, 17]
24/97 (4, 6, 6, 8) [11, 17]
1/4 (4,) [1, 4]
25/99 (4, 6, 8, 12, 12) [19, 28]
24/95 (4, 6, 8, 12, 12) [19, 28]
23/91 (6, 12, 12, 20) [21, 33]
22/87 (6, 12, 12, 20) [21, 33]
21/83 (4, 4, 4, 4, 6, 8) [15, 21]
20/79 (8, 8, 20) [14, 25]
19/75 (4, 6, 6, 6, 20) [18, 29]
18/71 (4, 6, 12) [9, 16]
17/67 (6, 8, 8, 12) [15, 23]
16/63 (4, 4, 8, 8) [11, 17]
15/59 (4, 12, 20) [14, 25]
14/55 (4, 4, 8, 12, 12, 12) [24, 34]
13/51 (6, 6, 6, 6, 20) [19, 30]
25/98 (4, 6, 20, 20, 20) [30, 45]
12/47 (4, 8, 8, 8, 12, 20) [27, 39]
23/90 (6, 6, 6, 20, 20) [25, 38]
11/43 (8, 12, 12, 20) [22, 34]
21/82 (12, 12, 20, 20) [27, 41]
10/39 (4, 6, 8, 20, 20) [25, 38]
19/74 (4, 4, 4, 4, 12) [13, 20]
9/35 (4, 8, 20, 20, 20) [31, 46]
17/66 (6, 8, 8, 8, 12, 20) [28, 40]
25/97 (4, 4, 8) [7, 12]
8/31 (4, 4, 4, 12, 20) [19, 30]
23/89 (6, 6, 8, 20, 20) [26, 39]
15/58 (4, 4, 12, 12) [14, 22]
22/85 (4, 4, 12, 12, 12, 12, 12, 20) [41, 55]
7/27 (6, 6, 6) [8, 13]
20/77 (6, 6, 6, 8) [12, 18]
13/50 (6, 6, 8, 8, 20) [21, 32]
19/73 (6, 6, 6, 12, 12, 20) [28, 40]
25/96 (4, 8, 12) [10, 17]
6/23 (4, 4, 4, 4, 8, 8, 8) [20, 27]
23/88 (4, 4, 6, 6, 8, 20, 20) [31, 44]
17/65 (12, 12, 12) [15, 24]
11/42 (8, 8, 8, 12) [16, 24]
16/61 (4, 8, 12, 12, 20, 20) [34, 48]
21/80 (20, 20) [15, 27]
26/99 (4, 4, 12, 20, 20) [26, 39]
5/19 (6, 6, 8, 12, 12, 20) [29, 41]
24/91 (4, 4, 8, 12, 20) [21, 32]
19/72 (8, 8, 8, 20, 20) [28, 41]
14/53 (6, 12, 20, 20, 20) [34, 49]
23/87 (4, 6, 12, 12) [15, 23]
9/34 (4, 4, 4, 6, 6, 8) [16, 22]
22/83 (6, 6, 8, 8, 8) [17, 24]
13/49 (4, 4, 4, 4, 12, 20, 20) [31, 44]
17/64 (4, 4, 20, 20) [20, 32]
21/79 (4, 6, 8, 12, 20) [22, 33]
25/94 (8, 12, 20, 20, 20) [35, 50]
4/15 (6, 6, 12, 12, 12, 12, 20) [37, 50]
23/86 (6, 8, 12) [11, 18]
19/71 (4, 6, 20, 20, 20, 20) [40, 56]
15/56 (4, 4, 6, 6, 12) [15, 22]
26/97 (6, 6, 8, 12, 20) [23, 34]
11/41 (4, 6, 8, 8, 8, 20, 20) [34, 47]
18/67 (4, 8, 8, 8, 8) [17, 24]
25/93 (4, 8, 8, 12, 20) [23, 34]
7/26 (4, 8, 20, 20, 20, 20) [41, 57]
24/89 (4, 4, 8, 8, 8, 12) [21, 29]
17/63 (6, 6, 12, 12) [16, 24]
27/100 (4, 4, 4, 8, 12) [15, 22]
10/37 (6, 8, 20, 20, 20, 20) [42, 58]
23/85 (4, 8, 20, 20) [22, 34]
13/48 (4, 6, 8) [8, 13]
16/59 (4, 6, 12, 12, 12) [21, 30]
19/70 (6, 6, 12, 12, 12, 20) [31, 43]
22/81 (8, 20, 20, 20) [29, 43]
25/92 (8, 20, 20, 20) [29, 43]
3/11 (6, 8, 20, 20) [23, 35]
26/95 (4, 6, 6, 6, 12) [16, 23]
23/84 (4, 6, 6, 6, 12) [16, 23]
20/73 (4, 12, 12, 20, 20) [30, 43]
17/62 (4, 6, 12, 12, 20, 20, 20) [43, 58]
14/51 (4, 6, 12, 12, 20) [24, 35]
25/91 (6, 6, 12, 12, 12) [22, 31]
11/40 (4, 20) [8, 18]
19/69 (4, 4, 8, 20) [15, 25]
27/98 (6, 6, 8, 8) [13, 19]
8/29 (4, 4, 4, 4, 6, 20) [19, 29]
21/76 (4, 6, 8, 20) [16, 26]
13/47 (6, 6, 12, 12, 20) [25, 36]
18/65 (6, 8, 12, 12) [17, 25]
23/83 (12, 20, 20, 20) [31, 45]
5/18 (6, 6) [5, 9]
27/97 (4, 4, 4, 6, 8, 20) [21, 31]
22/79 (8, 8, 8, 8, 8, 8, 20) [32, 43]
17/61 (4, 4, 4, 4, 4, 8, 12) [20, 27]
12/43 (4, 4, 4, 8, 12, 12) [21, 29]
19/68 (6, 6, 6, 6, 12) [17, 24]
26/93 (6, 8, 8, 20) [18, 28]
7/25 (4, 12, 20, 20, 20, 20, 20) [53, 70]
23/82 (6, 6, 6, 8, 8, 8, 8, 8) [29, 37]
16/57 (6, 12, 20, 20) [25, 37]
25/89 (4, 8, 8, 8, 8, 12) [23, 31]
9/32 (6, 12, 12, 12, 12, 20) [34, 46]
20/71 (4, 6, 6, 8, 12) [17, 24]
11/39 (8, 8, 12, 12, 20) [27, 38]
24/85 (4, 4, 6, 20, 20, 20, 20) [43, 58]
13/46 (4, 8, 8, 8, 20, 20) [31, 43]
28/99 (8, 12, 12, 12, 20, 20, 20) [48, 63]
15/53 (6, 6, 12, 20) [19, 29]
17/60 (4, 4, 6, 8, 12, 12) [22, 30]
19/67 (12, 12, 12, 20, 20) [34, 47]
21/74 (20, 20, 20) [25, 38]
23/81 (4, 8, 12, 20) [19, 29]
25/88 (4, 4, 8, 8, 12) [17, 24]
27/95 (4, 4, 4, 4, 6, 8, 12) [21, 28]
2/7 (4, 4, 4, 20, 20) [23, 34]
27/94 (6, 12, 12, 12, 20) [28, 39]
25/87 (4, 6, 6, 8, 12, 12) [23, 31]
23/80 (8, 20, 20) [20, 31]
21/73 (4, 4, 6, 20, 20) [24, 35]
19/66 (6, 12, 12, 20, 20, 20) [41, 55]
17/59 (6, 6, 20, 20, 20) [32, 45]
15/52 (6, 8, 8, 8) [14, 20]
28/97 (8, 8, 12, 20) [21, 31]
13/45 (4, 4, 6, 8, 12, 20) [25, 35]
24/83 (4, 8, 8) [9, 14]
11/38 (4, 8, 8, 12, 20, 20) [33, 45]
20/69 (12, 12, 20, 20) [28, 40]
29/100 (4, 12, 12, 12, 12) [24, 33]
9/31 (6, 8, 8, 8, 12, 20, 20, 20) [48, 62]
25/86 (4, 6, 6, 8, 12, 20) [26, 36]
16/55 (6, 8, 8, 12, 20, 20) [34, 46]
23/79 (6, 6, 6, 8, 12, 12) [24, 32]
7/24 (4, 12) [6, 12]
26/89 (4, 4, 12, 12, 20, 20) [33, 45]
19/65 (4, 4, 8, 8, 8, 8, 8) [24, 31]
12/41 (6, 6, 6, 8, 12, 20) [27, 37]
29/99 (4, 4, 4, 12) [11, 17]
17/58 (20, 20, 20, 20) [35, 49]
22/75 (4, 4, 8, 8, 20, 20, 20) [39, 52]
27/92 (4, 12, 20, 20, 20) [34, 47]
5/17 (6, 6, 8, 8, 12) [19, 26]
28/95 (6, 12, 12, 12) [19, 27]
23/78 (6, 6, 12, 12, 20, 20) [35, 47]
18/61 (6, 6, 6, 8, 8, 8, 8) [25, 32]
13/44 (4, 6, 6, 6, 8, 8) [19, 25]
21/71 (12, 20, 20) [22, 33]
29/98 (12, 20, 20) [22, 33]
8/27 (4, 8, 8, 8, 12) [19, 26]
27/91 (8, 12, 12, 12, 12) [26, 35]
19/64 (6, 8, 12, 12, 20, 20) [36, 48]
11/37 (4, 6, 8, 8, 8, 8, 8) [25, 32]
25/84 (4, 6, 6, 12, 20, 20, 20) [41, 54]
14/47 (4, 8, 8, 8, 12, 12) [25, 33]
17/57 (4, 4, 6, 12, 12) [18, 25]
20/67 (4, 4, 12, 20, 20) [27, 38]
23/77 (8, 12, 12) [14, 21]
26/87 (20, 20, 20, 20, 20) [45, 60]
29/97 (4, 4, 6, 8, 8, 8) [19, 25]
3/10 (20,) [6, 15]
28/93 (4, 12, 20) [15, 24]
25/83 (4, 6, 6, 6, 20) [19, 28]
22/73 (4, 4, 8, 12) [13, 19]
19/63 (6, 6, 12, 20, 20) [29, 40]
16/53 (6, 12, 20, 20, 20, 20) [45, 59]
29/96 (6, 8, 8) [10, 15]
13/43 (4, 8, 12, 20, 20) [29, 40]
23/76 (4, 4, 12, 12, 20, 20, 20) [43, 56]
10/33 (4, 4, 20, 20) [21, 31]
27/89 (4, 6, 8, 8, 8, 20, 20) [35, 46]
17/56 (4, 4, 4, 12, 20) [20, 29]
24/79 (12, 12, 12, 20) [25, 35]
7/23 (4, 4, 4, 6, 6, 8, 20) [25, 34]
25/82 (4, 4, 4, 4, 6, 12, 12) [23, 30]
18/59 (6, 6, 6, 12) [14, 20]
29/95 (8, 12, 20) [17, 26]
11/36 (6, 6, 8, 8, 20) [22, 31]
26/85 (8, 8, 12, 20, 20) [31, 42]
15/49 (4, 4, 6, 8, 12, 20, 20) [35, 46]
19/62 (4, 4, 12, 12, 12, 20) [30, 40]
23/75 (12, 12, 20, 20, 20, 20) [48, 62]
27/88 (4, 6, 8, 12) [14, 20]
4/13 (4, 4, 6, 6, 8, 8, 20) [27, 36]
29/94 (4, 12, 12, 20, 20) [31, 42]
25/81 (12, 20, 20, 20) [32, 44]
21/68 (6, 6, 6, 12, 20) [23, 32]
17/55 (4, 4, 6, 6) [10, 14]
30/97 (4, 4, 4, 4, 8, 12) [18, 24]
13/42 (4, 6, 8, 12, 20) [23, 32]
22/71 (6, 12, 12, 20, 20) [32, 43]
31/100 (6, 6, 8, 12, 12, 12) [27, 35]
9/29 (4, 6, 6, 6, 8) [15, 20]
23/74 (8, 20, 20, 20, 20) [40, 53]
14/45 (6, 6, 6, 8, 8, 8) [21, 27]
19/61 (4, 6, 12, 20, 20, 20) [38, 50]
24/77 (8, 12, 12, 20, 20) [33, 44]
29/93 (6, 6, 8, 12) [15, 21]
5/16 (4, 8) [5, 9]
31/99 (4, 6, 6, 6, 6, 12, 20) [29, 38]
26/83 (4, 6, 6, 6, 6, 12, 20) [29, 38]
21/67 (6, 20, 20, 20, 20, 20) [49, 63]
16/51 (6, 8, 8, 12, 20) [25, 34]
27/86 (6, 8, 8, 12, 12, 12) [28, 36]
11/35 (4, 4, 4, 6, 8, 12) [19, 25]
28/89 (4, 6, 6, 8, 20, 20) [30, 40]
17/54 (4, 4, 6, 8, 8) [15, 20]
23/73 (12, 12, 12, 12, 20, 20, 20) [51, 64]
29/92 (4, 4, 8, 8, 20, 20) [30, 40]
6/19 (4, 4, 12, 20, 20, 20, 20) [47, 60]
31/98 (8, 8, 8) [11, 16]
25/79 (8, 8, 8) [11, 16]
19/60 (4, 12, 12, 12, 12, 20) [34, 44]
13/41 (12, 12, 12) [16, 23]
20/63 (20, 20, 20) [26, 37]
27/85 (8, 8, 8, 12, 12, 12) [29, 37]
7/22 (6, 6, 12, 12, 20) [26, 35]
29/91 (6, 6, 6, 6, 8) [16, 21]
22/69 (6, 8, 8, 12) [16, 22]
15/47 (4, 4, 20, 20, 20) [31, 42]
23/72 (8, 12, 12, 20, 20, 20) [43, 55]
31/97 (8, 12, 20, 20) [27, 37]
8/25 (4, 6, 6, 6, 6, 8, 20, 20) [37, 47]
25/78 (6, 8, 12, 12, 20) [27, 36]
17/53 (4, 6, 6, 8, 8, 12, 12, 20, 20) [47, 58]
26/81 (4, 8, 8, 8, 8, 8, 12) [28, 35]
9/28 (4, 4, 12, 12, 12) [21, 28]
28/87 (4, 4, 8, 12, 20, 20) [32, 42]
19/59 (4, 8, 12, 12, 12, 12) [29, 37]
29/90 (4, 4, 4, 8) [10, 14]
10/31 (20, 20, 20, 20) [36, 48]
31/96 (4, 4, 6, 8, 12, 12, 20) [32, 41]
21/65 (4, 6, 8, 12, 20, 20) [33, 43]
32/99 (4, 6, 6, 6, 8, 12) [21, 27]
11/34 (4, 4, 4, 6, 6, 6, 6, 12) [25, 31]
23/71 (4, 4, 20, 20, 20, 20) [41, 53]
12/37 (4, 4, 4, 20, 20) [24, 33]
25/77 (6, 6, 6, 6, 20, 20, 20) [40, 51]
13/40 (4, 20) [9, 17]
27/83 (4, 6, 8, 20) [17, 25]
14/43 (20, 20, 20, 20, 20) [46, 59]
29/89 (6, 6, 8, 20) [18, 26]
15/46 (4, 4, 8, 8, 8) [16, 21]
31/95 (8, 20, 20) [21, 30]
16/49 (20, 20, 20, 20, 20, 20) [56, 70]
17/52 (6, 8, 8, 20) [19, 27]
18/55 (6, 6, 12, 12, 12) [23, 30]
19/58 (4, 6, 12, 20) [19, 27]
20/61 (4, 4, 4, 4, 4, 6, 8, 20) [27, 35]
21/64 (8, 8) [7, 11]
22/67 (8, 8, 8, 20) [20, 28]
23/70 (4, 4, 6, 8, 8, 20) [24, 32]
24/73 (4, 8, 8, 8, 12, 12, 20) [35, 44]
25/76 (4, 4, 4, 4, 6, 6) [15, 19]
26/79 (6, 6, 12, 20) [20, 28]
27/82 (6, 6, 6, 8, 8) [17, 22]
28/85 (6, 6, 6, 8, 8) [17, 22]
29/88 (4, 8, 12, 20) [20, 28]
30/91 (4, 12, 20, 20, 20, 20) [45, 57]
31/94 (4, 4, 4, 6, 12, 20) [24, 32]
32/97 (4, 6, 6, 8, 8, 20) [25, 33]
33/100 (8, 8, 20, 20, 20, 20, 20) [55, 68]
1/3 (6,) [2, 5]
33/98 (4, 4, 4, 4, 4, 8) [15, 19]
32/95 (8, 8, 8, 20, 20) [30, 39]
31/92 (8, 8, 8, 20, 20) [30, 39]
30/89 (6, 12, 12, 20) [23, 31]
29/86 (4, 4, 4, 6, 6, 8, 12, 20) [32, 40]
28/83 (4, 6, 6, 8, 12, 12, 12) [30, 37]
27/80 (8, 12, 12, 12, 20, 20) [40, 50]
26/77 (4, 6, 12, 20, 20) [29, 38]
25/74 (8, 20, 20, 20) [31, 41]
24/71 (4, 4, 6, 6, 6, 8, 8) [22, 27]
23/68 (6, 6, 8, 8, 8) [18, 23]
22/65 (4, 20, 20, 20, 20) [39, 50]
21/62 (4, 6, 6, 12, 12, 12, 20, 20) [45, 55]
20/59 (6, 6, 12, 20, 20) [30, 39]
19/56 (8, 12, 12, 20) [24, 32]
18/53 (4, 8, 8, 8, 8, 12) [24, 30]
17/50 (20, 20) [17, 25]
33/97 (6, 8, 12) [12, 17]
16/47 (8, 20, 20, 20, 20) [41, 52]
31/91 (4, 8, 8, 8, 8) [18, 23]
15/44 (4, 6, 6, 12, 12, 20) [29, 37]
29/85 (6, 6, 8, 20, 20, 20) [38, 48]
14/41 (12, 20, 20, 20) [33, 43]
27/79 (12, 12, 12, 12, 20, 20) [42, 52]
13/38 (4, 6, 6, 8) [12, 16]
25/73 (4, 4, 4, 8, 12) [16, 21]
12/35 (4, 4, 12, 20, 20, 20) [38, 48]
23/67 (4, 6, 6, 6, 6, 8, 8) [23, 28]
34/99 (4, 4, 4, 4, 4, 6, 12) [20, 25]
11/32 (4, 4, 6) [7, 10]
32/93 (12, 20, 20, 20, 20, 20) [53, 65]
21/61 (6, 6, 8, 12, 12, 20) [31, 39]
31/90 (4, 4, 6, 6, 6, 12, 12, 20) [35, 43]
10/29 (4, 8, 8, 12, 12, 20) [31, 39]
29/84 (4, 6, 20, 20) [23, 31]
19/55 (4, 4, 4, 4, 6, 8) [16, 20]
28/81 (4, 4, 8, 8) [12, 16]
9/26 (4, 4, 4, 4, 20, 20) [27, 35]
26/75 (4, 4, 6, 8, 12) [17, 22]
17/49 (4, 4, 4, 8, 8, 12, 12, 20) [36, 44]
25/72 (6, 6, 20, 20) [24, 32]
33/95 (8, 12, 12, 20, 20) [34, 43]
8/23 (4, 4, 4, 8, 8, 8, 8) [23, 28]
31/89 (8, 8, 12, 20, 20, 20, 20) [52, 63]
23/66 (4, 6, 6, 12, 12, 20, 20) [39, 48]
15/43 (6, 6, 6, 12, 12, 12, 12) [33, 40]
22/63 (6, 6, 6, 6, 12) [18, 23]
29/83 (4, 12, 12, 20, 20, 20, 20) [52, 63]
7/20 (20,) [7, 14]
34/97 (6, 12, 12, 12) [20, 26]
27/77 (4, 12, 12) [13, 18]
20/57 (4, 6, 6, 8, 20) [21, 28]
33/94 (4, 4, 8, 8, 20) [21, 28]
13/37 (4, 4, 4, 12, 20) [21, 28]
32/91 (6, 6, 6, 8, 20) [22, 29]
19/54 (4, 6, 8, 8, 20) [22, 29]
25/71 (8, 12, 20) [18, 25]
31/88 (8, 8, 8, 8, 8) [20, 25]
6/17 (12, 12, 12, 12, 12) [29, 36]
35/99 (4, 6, 6, 12, 20) [23, 30]
29/82 (4, 4, 20, 20, 20) [32, 41]
23/65 (8, 12, 12, 12) [21, 27]
17/48 (4, 6, 8, 8) [13, 17]
28/79 (6, 6, 6, 8, 12) [19, 24]
11/31 (4, 12, 20, 20) [26, 34]
27/76 (4, 6, 8, 12, 20) [24, 31]
16/45 (8, 8, 8, 8, 20) [25, 32]
21/59 (6, 6, 20, 20, 20, 20) [44, 54]
26/73 (6, 12, 20, 20) [27, 35]
31/87 (4, 8, 20, 20, 20, 20) [44, 54]
5/14 (4, 8, 8, 12, 20) [25, 32]
34/95 (8, 12, 20, 20) [28, 36]
29/81 (4, 4, 4, 12, 12) [18, 23]
24/67 (4, 6, 6, 6, 6, 6, 12) [24, 29]
19/53 (6, 8, 8, 12, 20) [26, 33]
33/92 (6, 6, 6, 12, 12, 12) [27, 33]
14/39 (4, 6, 6, 12, 20, 20) [33, 41]
23/64 (4, 8, 12, 12, 12, 12, 12) [36, 43]
32/89 (6, 6, 8, 8, 12) [20, 25]
9/25 (6, 12, 20, 20, 20) [37, 46]
31/86 (4, 6, 12, 12, 20) [26, 33]
22/61 (6, 6, 8, 8) [14, 18]
35/97 (8, 12, 20, 20, 20, 20) [48, 58]
13/36 (4, 6, 6) [8, 11]
30/83 (6, 6, 6, 6, 6, 6, 12) [25, 30]
17/47 (6, 6, 8, 12, 20, 20) [35, 43]
21/58 (4, 4, 6, 12, 12) [19, 24]
25/69 (4, 8, 12, 12, 20) [27, 34]
29/80 (4, 20, 20) [20, 27]
33/91 (4, 8, 8, 12, 12, 12) [28, 34]
4/11 (6, 8, 12, 12, 20) [28, 35]
35/96 (6, 20, 20) [21, 28]
31/85 (6, 8, 8, 12, 12, 12) [29, 35]
27/74 (4, 6, 6, 6, 12, 12, 20) [33, 40]
23/63 (4, 6, 12, 12, 20, 20) [36, 44]
19/52 (8, 8, 12, 12, 20) [29, 36]
34/93 (4, 4, 4, 20, 20) [25, 32]
15/41 (4, 4, 4, 4, 6) [12, 15]
26/71 (4, 6, 6, 6, 6, 8) [19, 23]
11/30 (4, 6, 6, 8, 12, 12, 20) [34, 41]
29/79 (4, 4, 8, 12, 12) [20, 25]
18/49 (4, 4, 6, 20, 20) [26, 33]
25/68 (4, 4, 6, 8, 8, 12, 12, 12) [34, 40]
32/87 (4, 20, 20, 20, 20, 20) [50, 60]
7/19 (8, 8, 8, 8, 12) [22, 27]
31/84 (6, 8, 8, 8) [15, 19]
24/65 (6, 8, 8, 8) [15, 19]
17/46 (4, 20, 20, 20, 20) [40, 49]
27/73 (4, 4, 8, 20, 20) [27, 34]
37/100 (4, 6, 8, 12, 12) [21, 26]
10/27 (4, 4, 6, 12, 12, 12, 20) [35, 42]
33/89 (4, 8, 12, 12, 12, 12) [30, 36]
23/62 (4, 20, 20, 20) [30, 38]
36/97 (8, 20, 20, 20, 20) [42, 51]
13/35 (4, 4, 4, 8, 8, 8) [19, 23]
29/78 (4, 4, 4, 4, 8, 20, 20) [32, 39]
16/43 (4, 4, 4, 20, 20, 20) [35, 43]
35/94 (8, 12, 12, 12, 20, 20) [41, 49]
19/51 (6, 6, 8, 20, 20) [29, 36]
22/59 (4, 6, 8, 20, 20, 20, 20) [48, 57]
25/67 (4, 8, 8, 20, 20) [29, 36]
28/75 (8, 8, 8, 8, 8, 8, 8) [29, 34]
31/83 (4, 6, 6, 20, 20, 20) [37, 45]
34/91 (4, 8, 8, 20, 20, 20, 20) [49, 58]
37/99 (4, 8, 8, 12, 12) [22, 27]
3/8 (8,) [3, 6]
35/93 (6, 8, 8, 12, 12) [23, 28]
32/85 (8, 8, 8, 20) [21, 27]
29/77 (4, 4, 6, 8, 8, 20) [25, 31]
26/69 (6, 6, 12, 20) [21, 27]
23/61 (4, 8, 12, 20) [21, 27]
20/53 (4, 4, 4, 4, 4, 12) [17, 21]
37/98 (4, 4, 4, 6, 6) [13, 16]
17/45 (6, 6, 12, 20, 20) [31, 38]
31/82 (6, 8, 12, 20) [22, 28]
14/37 (4, 8, 12, 20, 20, 20) [41, 49]
25/66 (4, 6, 8, 8, 8, 20, 20) [37, 44]
36/95 (4, 6, 8, 8, 8, 20, 20, 20) [47, 55]
11/29 (6, 8, 12, 20, 20) [32, 39]
30/79 (4, 4, 6, 8, 12, 20) [27, 33]
19/50 (8, 8, 12, 20, 20, 20) [43, 51]
27/71 (4, 6, 8) [9, 12]
35/92 (6, 6, 6, 6, 12, 20) [28, 34]
8/21 (4, 12, 12, 20) [23, 29]
37/97 (4, 6, 8, 12) [15, 19]
29/76 (4, 6, 8, 12) [15, 19]
21/55 (6, 6, 6, 8, 12, 20) [29, 35]
34/89 (12, 12) [11, 15]
13/34 (4, 6, 8, 8, 12, 20) [29, 35]
31/81 (4, 4, 4, 12, 12, 20) [28, 34]
18/47 (6, 6, 12, 12, 12) [24, 29]
23/60 (6, 6, 8, 8, 12, 20) [30, 36]
28/73 (4, 4, 4, 12, 12, 20, 20) [38, 45]
33/86 (4, 8, 12, 12, 12) [24, 29]
38/99 (8, 12, 12, 20) [25, 31]
5/13 (4, 6, 8, 8, 8, 12, 12) [30, 35]
37/96 (4, 4, 8, 12, 12, 20) [30, 36]
32/83 (4, 4, 20, 20) [23, 29]
27/70 (4, 4, 20, 20) [23, 29]
22/57 (6, 12, 20, 20, 20, 20, 20) [58, 67]
17/44 (4, 6, 20, 20, 20, 20) [44, 52]
29/75 (4, 4, 6, 6, 6) [14, 17]
12/31 (6, 6, 20, 20, 20, 20) [45, 53]
31/80 (4, 6, 20, 20) [24, 30]
19/49 (12, 12, 12, 20, 20) [37, 44]
26/67 (8, 8, 12, 12, 12) [26, 31]
33/85 (12, 12, 12, 20) [27, 33]
7/18 (6, 6, 8) [10, 13]
37/95 (4, 4, 20, 20, 20) [33, 40]
30/77 (4, 12, 20, 20, 20, 20) [47, 55]
23/59 (4, 4, 12, 12) [16, 20]
39/100 (4, 6, 20, 20, 20) [34, 41]
16/41 (6, 12, 20, 20, 20, 20) [48, 56]
25/64 (4, 8, 8) [10, 13]
34/87 (4, 6, 12, 12, 12, 20) [33, 39]
9/23 (4, 4, 4, 6, 8) [14, 17]
38/97 (4, 4, 4, 8, 20, 20) [30, 36]
29/74 (4, 6, 6, 6, 8, 12) [22, 26]
20/51 (4, 6, 6, 6, 20, 20, 20) [41, 48]
31/79 (8, 8, 20, 20, 20) [37, 44]
11/28 (8, 8, 20, 20) [27, 33]
35/89 (6, 8, 8, 8, 8, 8) [24, 28]
24/61 (4, 6, 12, 12) [17, 21]
37/94 (4, 6, 12, 12) [17, 21]
13/33 (4, 6, 6, 8, 20, 20) [32, 38]
28/71 (8, 8, 12, 12, 12, 20) [36, 42]
15/38 (4, 4, 4, 4, 12, 12) [21, 25]
32/81 (8, 12, 12, 12, 12) [28, 33]
17/43 (4, 12, 20, 20) [27, 33]
36/91 (4, 6, 6, 8, 8, 12) [23, 27]
19/48 (4, 12, 12, 12, 12, 20) [36, 42]
21/53 (6, 12, 20, 20) [28, 34]
23/58 (4, 4, 4, 12, 20, 20) [32, 38]
25/63 (4, 4, 4, 4, 6, 8, 8, 12) [27, 31]
27/68 (8, 8, 8, 8, 8, 8) [25, 29]
29/73 (4, 4, 6, 6, 8) [15, 18]
31/78 (8, 12, 20, 20) [29, 35]
33/83 (4, 4, 4, 6, 12, 12) [22, 26]
35/88 (4, 8, 8, 8, 12, 12, 12, 20) [43, 49]
37/93 (6, 8, 8, 8, 20, 20) [35, 41]
39/98 (4, 8, 12, 12) [18, 22]
2/5 (20,) [8, 13]
39/97 (6, 8, 8, 8, 20) [25, 30]
37/92 (4, 8, 8, 8, 8, 12) [25, 29]
35/87 (4, 6, 6, 6, 12, 12) [24, 28]
33/82 (4, 6, 6, 6, 8) [16, 19]
31/77 (4, 6, 8, 12, 20) [25, 30]
29/72 (4, 6, 8, 12, 20) [25, 30]
27/67 (8, 8, 8, 8, 20) [26, 31]
25/62 (8, 8, 12, 12) [20, 24]
23/57 (12, 12, 20) [21, 26]
21/52 (4, 8, 8, 12, 20) [26, 31]
40/99 (4, 4, 4, 6, 8, 12, 20) [30, 35]
19/47 (6, 8, 8, 8, 8, 12) [26, 30]
36/89 (6, 8, 12, 12, 20, 20) [39, 45]
17/42 (6, 8, 8, 12, 20) [27, 32]
32/79 (4, 4, 12, 12, 20) [26, 31]
15/37 (8, 8, 12, 12, 20, 20) [40, 46]
28/69 (4, 6, 6, 6, 8, 12, 20) [32, 37]
13/32 (4, 20, 20) [21, 26]
37/91 (4, 12, 12, 12, 20, 20) [40, 46]
24/59 (4, 4, 4, 4, 4, 8, 8) [20, 23]
35/86 (6, 6, 6, 6, 8) [17, 20]
11/27 (4, 8, 12, 12, 20) [28, 33]
31/76 (4, 4, 4, 20, 20, 20) [36, 42]
20/49 (6, 8, 12, 12, 20) [29, 34]
29/71 (8, 20, 20, 20) [33, 39]
38/93 (4, 4, 4, 8, 12, 12, 20) [33, 38]
9/22 (6, 12, 12, 12) [21, 25]
34/83 (6, 6, 8, 8, 12, 12) [27, 31]
25/61 (4, 4, 4, 12, 12, 12) [25, 29]
41/100 (6, 6, 6, 6, 12, 12, 20) [35, 40]
16/39 (4, 8, 8, 8, 12, 12) [27, 31]
39/95 (8, 20, 20) [23, 28]
23/56 (8, 20, 20) [23, 28]
30/73 (4, 12, 12, 12, 20) [30, 35]
37/90 (8, 12, 12, 12) [22, 26]
7/17 (4, 6, 12, 20, 20, 20) [41, 47]
40/97 (6, 6, 12, 20, 20, 20) [42, 48]
33/80 (4, 8, 12, 20, 20, 20) [42, 48]
26/63 (6, 6, 6, 8, 8) [18, 21]
19/46 (6, 8, 12, 20, 20, 20) [43, 49]
31/75 (4, 4, 8, 12, 12, 12) [27, 31]
12/29 (8, 8, 12, 20, 20, 20) [44, 50]
41/99 (4, 4, 4, 4) [9, 11]
29/70 (4, 4, 4, 6, 6, 8, 8) [22, 25]
17/41 (4, 8, 8, 20, 20) [30, 35]
39/94 (4, 4, 4, 6, 6, 12, 12, 12) [32, 36]
22/53 (6, 12, 12, 20, 20, 20) [45, 51]
27/65 (12, 20, 20) [25, 30]
32/77 (4, 8, 8, 12, 12, 12, 20) [39, 44]
37/89 (12, 12, 12, 12, 20) [34, 39]
5/12 (12,) [5, 8]
38/91 (12, 12, 12, 20, 20, 20) [48, 54]
33/79 (4, 4, 8, 8, 8, 20, 20) [37, 42]
28/67 (4, 4, 4, 6, 12) [16, 19]
23/55 (4, 8, 12, 20, 20) [32, 37]
41/98 (6, 8, 12) [13, 16]
18/43 (4, 4, 4, 4, 20, 20, 20, 20) [49, 55]
31/74 (4, 4, 12, 12, 12, 12) [29, 33]
13/31 (6, 8, 20, 20, 20, 20) [47, 53]
34/81 (8, 8, 12, 20, 20) [34, 39]
21/50 (4, 4, 4, 8, 12) [17, 20]
29/69 (6, 6, 6, 6, 8, 12, 12, 12) [36, 40]
37/88 (4, 6, 6, 8, 12, 20, 20) [39, 44]
8/19 (6, 12, 20, 20, 20, 20) [49, 55]
35/83 (4, 8, 12, 12, 12, 12) [31, 35]
27/64 (8, 8, 12) [14, 17]
19/45 (4, 8, 8, 8, 12, 20, 20) [41, 46]
30/71 (4, 4, 4, 4, 6, 6, 12) [22, 25]
41/97 (6, 8, 12, 12, 12, 12) [32, 36]
11/26 (12, 12, 20, 20, 20, 20) [52, 58]
36/85 (4, 12, 12) [14, 17]
25/59 (4, 6, 6, 6, 8, 8, 8) [25, 28]
39/92 (8, 8, 8, 12, 20, 20, 20, 20) [59, 65]
14/33 (4, 6, 6, 8, 12) [19, 22]
31/73 (12, 12, 12, 20, 20) [38, 43]
17/40 (4, 20) [11, 15]
37/87 (20, 20, 20) [29, 34]
20/47 (6, 6, 12, 20) [22, 26]
23/54 (4, 4, 20, 20, 20) [34, 39]
26/61 (6, 8, 12, 20) [23, 27]
29/68 (4, 4, 6, 6, 12, 20) [27, 31]
32/75 (6, 6, 20, 20, 20) [36, 41]
35/82 (4, 8, 20, 20, 20) [36, 41]
38/89 (4, 6, 8, 8, 12) [20, 23]
41/96 (6, 12, 12) [15, 18]
3/7 (4, 12, 20, 20, 20) [38, 43]
43/100 (4, 4, 6, 12, 12) [20, 23]
40/93 (4, 4, 8, 12, 20, 20, 20) [45, 50]
37/86 (4, 4, 20, 20) [24, 28]
34/79 (4, 4, 20, 20) [24, 28]
31/72 (8, 12, 12) [16, 19]
28/65 (4, 4, 8, 12, 12, 20) [31, 35]
25/58 (4, 8, 8, 12, 20, 20, 20) [47, 52]
22/51 (4, 6, 8, 12, 12, 20) [32, 36]
41/95 (4, 6, 20, 20) [25, 29]
19/44 (4, 6, 6, 12, 12) [21, 24]
35/81 (4, 4, 4, 4, 20, 20) [29, 33]
16/37 (12, 12, 12, 20) [28, 32]
29/67 (6, 8, 8, 12, 12, 20) [34, 38]
42/97 (6, 8, 8, 12, 12, 20) [34, 38]
13/30 (4, 8, 20, 20) [26, 30]
36/83 (8, 8, 8, 12, 12, 20) [35, 39]
23/53 (4, 4, 6, 6) [11, 13]
33/76 (4, 6, 8, 12, 12) [22, 25]
43/99 (4, 4, 4, 8, 20, 20) [31, 35]
10/23 (8, 20, 20, 20, 20) [44, 49]
37/85 (6, 8, 12, 12, 12, 20) [36, 40]
27/62 (6, 6, 8, 12, 12) [23, 26]
17/39 (4, 6, 6, 8, 20, 20) [33, 37]
41/94 (4, 8, 8, 12, 12) [23, 26]
24/55 (4, 4, 4, 4, 4, 6) [15, 17]
31/71 (6, 6, 6, 8, 20, 20) [34, 38]
38/87 (4, 12, 20, 20) [28, 32]
7/16 (4, 8) [6, 8]
39/89 (6, 8, 8, 8, 20, 20) [36, 40]
32/73 (6, 8, 8, 8, 20, 20) [36, 40]
25/57 (4, 6, 6, 12, 20, 20) [35, 39]
43/98 (4, 4, 8, 12, 20, 20) [35, 39]
18/41 (4, 4, 12, 12, 12) [23, 26]
29/66 (4, 4, 4, 8) [11, 13]
40/91 (6, 8, 8, 8, 8, 8, 12) [31, 34]
11/25 (4, 6, 12, 12, 12) [24, 27]
37/84 (6, 8, 8, 12, 20, 20) [38, 42]
26/59 (4, 4, 8, 8, 8, 12, 12) [30, 33]
41/93 (6, 6, 12, 12, 12) [25, 28]
15/34 (4, 8, 12, 12, 12) [25, 28]
34/77 (6, 8, 20, 20, 20, 20, 20) [58, 63]
19/43 (4, 8, 12, 12, 20, 20) [39, 43]
42/95 (4, 8, 12, 12, 12, 12, 12, 20) [48, 52]
23/52 (6, 8, 12, 12, 12) [26, 29]
27/61 (4, 4, 6, 8) [12, 14]
31/70 (8, 8, 12, 12, 20, 20) [41, 45]
35/79 (4, 8, 8, 8, 8, 12, 12) [32, 35]
39/88 (4, 6, 6, 6, 12, 12, 12) [31, 34]
43/97 (4, 6, 6, 6, 12, 12, 12) [31, 34]
4/9 (6, 20, 20, 20) [33, 37]
41/92 (4, 6, 8, 20, 20, 20) [40, 44]
37/83 (8, 20, 20, 20, 20, 20, 20) [65, 70]
33/74 (6, 12, 12, 12, 12) [28, 31]
29/65 (4, 6, 6, 8) [13, 15]
25/56 (6, 8, 8, 20, 20, 20) [42, 46]
21/47 (4, 6, 12, 20, 20, 20) [42, 46]
38/85 (8, 12, 12, 12, 12) [29, 32]
17/38 (4, 4, 4, 4, 6, 8) [17, 19]
30/67 (4, 6, 6, 12, 12, 12, 12) [34, 37]
43/96 (4, 6, 6, 12, 12, 12, 12) [34, 37]
13/29 (4, 6, 6, 8, 12, 20, 20, 20) [50, 54]
35/78 (6, 12, 12, 20, 20, 20) [46, 50]
22/49 (6, 6, 6, 8) [14, 16]
31/69 (8, 12, 12, 20, 20, 20) [47, 51]
40/89 (6, 6, 8, 12, 12, 12, 12) [36, 39]
9/20 (20,) [9, 12]
41/91 (4, 6, 8, 8) [14, 16]
32/71 (4, 4, 8, 12, 20) [25, 28]
23/51 (6, 6, 6, 12, 20) [26, 29]
37/82 (8, 8, 8, 8, 20) [27, 30]
14/31 (4, 8, 8, 12, 20) [27, 30]
33/73 (6, 8, 8, 12, 20) [28, 31]
19/42 (6, 12, 20, 20, 20, 20) [50, 54]
43/95 (6, 6, 8, 8) [15, 17]
24/53 (4, 6, 12, 12, 20) [28, 31]
29/64 (6, 6, 12, 12, 20) [29, 32]
34/75 (4, 8, 12, 12, 20) [29, 32]
39/86 (4, 8, 12, 12, 20) [29, 32]
44/97 (4, 4, 4, 6, 8, 8) [19, 21]
5/11 (8, 8, 12, 12, 20) [31, 34]
41/90 (6, 12, 12, 12, 20) [32, 35]
36/79 (6, 8, 8, 8) [16, 18]
31/68 (4, 4, 4, 12, 12, 12, 20) [36, 39]
26/57 (6, 6, 6, 20, 20) [30, 33]
21/46 (4, 4, 4, 8, 8, 8) [20, 22]
37/81 (6, 6, 8, 20, 20) [31, 34]
16/35 (4, 6, 8, 12, 12, 12, 20) [39, 42]
43/94 (12, 20, 20) [26, 29]
27/59 (12, 12, 12, 12, 20) [35, 38]
38/83 (4, 6, 6, 6, 8, 20, 20) [37, 40]
11/24 (4, 12) [8, 10]
39/85 (4, 6, 6, 12) [15, 17]
28/61 (4, 4, 8, 12) [15, 17]
45/98 (6, 8, 12, 20, 20) [34, 37]
17/37 (4, 4, 4, 4, 6, 12) [19, 21]
40/87 (8, 8, 12, 20, 20) [35, 38]
23/50 (4, 6, 8, 12) [16, 18]
29/63 (4, 12, 12, 20, 20) [35, 38]
35/76 (6, 12, 12, 20, 20) [36, 39]
41/89 (4, 4, 4, 4, 8, 12) [20, 22]
6/13 (4, 8, 8, 12) [17, 19]
43/93 (4, 6, 6, 6, 6, 12) [22, 24]
37/80 (20, 20, 20) [30, 33]
31/67 (4, 4, 12, 12) [17, 19]
25/54 (4, 6, 20, 20, 20) [36, 39]
44/95 (6, 6, 20, 20, 20) [37, 40]
19/41 (4, 4, 4, 6, 20, 20, 20) [41, 44]
32/69 (8, 8, 20, 20, 20) [39, 42]
45/97 (4, 4, 6, 8, 8, 12) [23, 25]
13/28 (6, 12, 20, 20, 20) [40, 43]
46/99 (8, 12, 20, 20, 20) [41, 44]
33/71 (4, 6, 6, 8, 8, 12) [24, 26]
20/43 (6, 6, 12, 12) [19, 21]
27/58 (12, 12, 20, 20, 20) [43, 46]
34/73 (4, 8, 12, 12) [19, 21]
41/88 (4, 6, 12, 12, 20, 20, 20) [49, 52]
7/15 (8, 8, 12, 12, 20, 20, 20) [52, 55]
43/92 (8, 8, 12, 12) [21, 23]
36/77 (8, 8, 12, 12) [21, 23]
29/62 (6, 8, 8, 8, 8, 12) [27, 29]
22/47 (4, 6, 6, 8, 12, 12) [26, 28]
37/79 (4, 4, 8, 8, 12, 12) [26, 28]
15/32 (6, 6, 6, 8, 12, 12) [27, 29]
38/81 (4, 12, 12, 12) [21, 23]
23/49 (6, 12, 12, 20, 20, 20, 20) [57, 60]
31/66 (4, 4, 4, 12, 12, 12) [26, 28]
39/83 (4, 8, 8, 8, 12, 12) [28, 30]
47/100 (20, 20, 20, 20, 20) [51, 54]
8/17 (4, 8, 20, 20, 20, 20, 20) [58, 61]
41/87 (6, 6, 6, 12, 12, 12) [29, 31]
33/70 (4, 6, 8, 12, 12, 12) [29, 31]
25/53 (12, 12, 20, 20, 20, 20, 20) [64, 67]
42/89 (6, 6, 8, 12, 12, 12) [30, 32]
17/36 (12, 12, 12, 12) [25, 27]
43/91 (6, 8, 8, 12, 12, 12) [31, 33]
26/55 (4, 4, 12, 12, 12, 12) [30, 32]
35/74 (8, 8, 8, 12, 12, 12) [32, 34]
44/93 (4, 6, 12, 12, 12, 12) [31, 33]
9/19 (4, 8, 12, 12, 12, 12) [32, 34]
46/97 (4, 4, 4, 8, 12, 12, 12, 12) [37, 39]
37/78 (20, 20, 20, 20, 20, 20, 20) [72, 75]
28/59 (8, 8, 12, 12, 12, 12) [34, 36]
47/99 (6, 6, 6, 6, 12, 12, 12, 12) [39, 41]
19/40 (4, 20) [12, 14]
29/61 (6, 8, 12, 20) [24, 26]
39/82 (8, 8, 12, 20) [25, 27]
10/21 (6, 12, 12, 20) [26, 28]
41/86 (4, 6, 6, 12, 12, 20) [32, 34]
31/65 (4, 4, 8, 12, 12, 20) [32, 34]
21/44 (4, 4, 4, 4, 20, 20) [30, 32]
32/67 (4, 8, 20, 20) [27, 29]
43/90 (4, 4, 12, 12, 12, 20) [34, 36]
11/23 (8, 8, 20, 20) [29, 31]
45/94 (4, 4, 8, 8, 20, 20) [34, 36]
34/71 (4, 12, 20, 20) [29, 31]
23/48 (4, 4, 4, 12, 20, 20) [34, 36]
35/73 (4, 4, 8, 12, 20, 20) [36, 38]
47/98 (4, 4, 8, 12, 20, 20) [36, 38]
12/25 (12, 12, 20, 20) [33, 35]
37/77 (4, 8, 12, 12, 20, 20) [40, 42]
25/52 (6, 8, 12, 12, 20, 20) [41, 43]
38/79 (8, 8, 12, 12, 20, 20) [42, 44]
13/27 (6, 20, 20, 20) [34, 36]
40/83 (12, 20, 20, 20) [37, 39]
27/56 (4, 4, 12, 20, 20, 20) [42, 44]
41/85 (4, 8, 12, 20, 20, 20) [44, 46]
14/29 (4, 12, 12, 20, 20, 20) [46, 48]
43/89 (4, 4, 8, 12, 12, 20, 20, 20) [53, 55]
29/60 (20, 20, 20, 20) [41, 43]
44/91 (4, 4, 20, 20, 20, 20) [46, 48]
15/31 (6, 8, 20, 20, 20, 20) [49, 51]
46/95 (6, 12, 20, 20, 20, 20) [51, 53]
31/64 (4, 4, 8, 12, 20, 20, 20, 20) [57, 59]
47/97 (12, 12, 20, 20, 20, 20) [54, 56]
16/33 (4, 8, 12, 12, 20, 20, 20, 20) [61, 63]
33/68 (8, 20, 20, 20, 20, 20) [56, 58]
17/35 (4, 6, 12, 20, 20, 20, 20, 20) [64, 66]
35/72 (8, 12, 12, 20, 20, 20, 20, 20) [69, 71]
18/37 (4, 8, 20, 20, 20, 20, 20, 20) [69, 71]
37/76 (8, 12, 20, 20, 20, 20, 20, 20) [73, 75]
19/39 (4, 20, 20, 20, 20, 20, 20, 20) [75, 77]
39/80 (12, 20, 20, 20, 20, 20, 20, 20) [79, 81]
20/41 (4, 12, 12, 20, 20, 20, 20, 20, 20, 20) [88, 90]
41/84 (20, 20, 20, 20, 20, 20, 20, 20) [83, 85]
21/43 (6, 12, 20, 20, 20, 20, 20, 20, 20, 20) [93, 95]
43/88 (4, 20, 20, 20, 20, 20, 20, 20, 20, 20) [96, 98]
22/45 (12, 20, 20, 20, 20, 20, 20, 20, 20, 20) [100, 102]
45/92 (20, 20, 20, 20, 20, 20, 20, 20, 20, 20) [104, 106]
23/47 None ()
47/96 None ()
24/49 None ()
49/100 None ()
25/51 None ()
26/53 None ()
27/55 None ()
28/57 None ()
29/59 None ()
30/61 None ()
31/63 None ()
32/65 None ()
33/67 None ()
34/69 None ()
35/71 None ()
36/73 None ()
37/75 None ()
38/77 None ()
39/79 None ()
40/81 None ()
41/83 None ()
42/85 None ()
43/87 None ()
44/89 None ()
45/91 None ()
46/93 None ()
47/95 None ()
48/97 None ()
49/99 None ()
1/2 (4,) [2, 3]
50/99 None ()
49/97 None ()
48/95 None ()
47/93 None ()
46/91 None ()
45/89 None ()
44/87 None ()
43/85 None ()
42/83 None ()
41/81 None ()
40/79 None ()
39/77 None ()
38/75 None ()
37/73 None ()
36/71 None ()
35/69 None ()
34/67 None ()
33/65 None ()
32/63 None ()
31/61 None ()
30/59 None ()
29/57 None ()
28/55 None ()
27/53 None ()
26/51 None ()
51/100 None ()
25/49 None ()
49/96 None ()
24/47 None ()
47/92 (20, 20, 20, 20, 20, 20, 20, 20, 20, 20) [105, 105]
23/45 (12, 20, 20, 20, 20, 20, 20, 20, 20, 20) [101, 101]
45/88 (4, 20, 20, 20, 20, 20, 20, 20, 20, 20) [97, 97]
22/43 (6, 12, 20, 20, 20, 20, 20, 20, 20, 20) [94, 94]
43/84 (20, 20, 20, 20, 20, 20, 20, 20) [84, 84]
21/41 (4, 12, 12, 20, 20, 20, 20, 20, 20, 20) [89, 89]
41/80 (12, 20, 20, 20, 20, 20, 20, 20) [80, 80]
20/39 (4, 20, 20, 20, 20, 20, 20, 20) [76, 76]
39/76 (8, 12, 20, 20, 20, 20, 20, 20) [74, 74]
19/37 (4, 8, 20, 20, 20, 20, 20, 20) [70, 70]
37/72 (8, 12, 12, 20, 20, 20, 20, 20) [70, 70]
18/35 (4, 6, 12, 20, 20, 20, 20, 20) [65, 65]
35/68 (8, 20, 20, 20, 20, 20) [57, 57]
17/33 (4, 8, 12, 12, 20, 20, 20, 20) [62, 62]
50/97 (12, 12, 20, 20, 20, 20) [55, 55]
33/64 (4, 4, 8, 12, 20, 20, 20, 20) [58, 58]
49/95 (6, 12, 20, 20, 20, 20) [52, 52]
16/31 (6, 8, 20, 20, 20, 20) [50, 50]
47/91 (4, 4, 20, 20, 20, 20) [47, 47]
31/60 (20, 20, 20, 20) [42, 42]
46/89 (4, 4, 8, 12, 12, 20, 20, 20) [54, 54]
15/29 (4, 12, 12, 20, 20, 20) [47, 47]
44/85 (4, 8, 12, 20, 20, 20) [45, 45]
29/56 (4, 4, 12, 20, 20, 20) [43, 43]
43/83 (12, 20, 20, 20) [38, 38]
14/27 (6, 20, 20, 20) [35, 35]
41/79 (8, 8, 12, 12, 20, 20) [43, 43]
27/52 (6, 8, 12, 12, 20, 20) [42, 42]
40/77 (4, 8, 12, 12, 20, 20) [41, 41]
13/25 (12, 12, 20, 20) [34, 34]
51/98 (4, 4, 8, 12, 20, 20) [37, 37]
38/73 (4, 4, 8, 12, 20, 20) [37, 37]
25/48 (4, 4, 4, 12, 20, 20) [35, 35]
37/71 (4, 12, 20, 20) [30, 30]
49/94 (4, 4, 8, 8, 20, 20) [35, 35]
12/23 (8, 8, 20, 20) [30, 30]
47/90 (4, 4, 12, 12, 12, 20) [35, 35]
35/67 (4, 8, 20, 20) [28, 28]
23/44 (4, 4, 4, 4, 20, 20) [31, 31]
34/65 (4, 4, 8, 12, 12, 20) [33, 33]
45/86 (4, 6, 6, 12, 12, 20) [33, 33]
11/21 (6, 12, 12, 20) [27, 27]
43/82 (8, 8, 12, 20) [26, 26]
32/61 (6, 8, 12, 20) [25, 25]
21/40 (4, 20) [13, 13]
52/99 (6, 6, 6, 6, 12, 12, 12, 12) [40, 40]
31/59 (8, 8, 12, 12, 12, 12) [35, 35]
41/78 (20, 20, 20, 20, 20, 20, 20) [74, 73]
51/97 (4, 4, 4, 8, 12, 12, 12, 12) [38, 38]
10/19 (4, 8, 12, 12, 12, 12) [33, 33]
49/93 (4, 6, 12, 12, 12, 12) [32, 32]
39/74 (8, 8, 8, 12, 12, 12) [33, 33]
29/55 (4, 4, 12, 12, 12, 12) [31, 31]
48/91 (6, 8, 8, 12, 12, 12) [32, 32]
19/36 (12, 12, 12, 12) [26, 26]
47/89 (6, 6, 8, 12, 12, 12) [31, 31]
28/53 (12, 12, 20, 20, 20, 20, 20) [66, 65]
37/70 (4, 6, 8, 12, 12, 12) [30, 30]
46/87 (6, 6, 6, 12, 12, 12) [30, 30]
9/17 (4, 8, 20, 20, 20, 20, 20) [60, 59]
53/100 (20, 20, 20, 20, 20) [53, 52]
44/83 (4, 8, 8, 8, 12, 12) [29, 29]
35/66 (4, 4, 4, 12, 12, 12) [27, 27]
26/49 (6, 12, 12, 20, 20, 20, 20) [59, 58]
43/81 (4, 12, 12, 12) [22, 22]
17/32 (6, 6, 6, 8, 12, 12) [28, 28]
42/79 (4, 4, 8, 8, 12, 12) [27, 27]
25/47 (4, 6, 6, 8, 12, 12) [27, 27]
33/62 (6, 8, 8, 8, 8, 12) [28, 28]
41/77 (8, 8, 12, 12) [22, 22]
49/92 (8, 8, 12, 12) [22, 22]
8/15 (8, 8, 12, 12, 20, 20, 20) [54, 53]
47/88 (4, 6, 12, 12, 20, 20, 20) [51, 50]
39/73 (4, 8, 12, 12) [20, 20]
31/58 (12, 12, 20, 20, 20) [45, 44]
23/43 (6, 6, 12, 12) [20, 20]
38/71 (4, 6, 6, 8, 8, 12) [25, 25]
53/99 (8, 12, 20, 20, 20) [43, 42]
15/28 (6, 12, 20, 20, 20) [42, 41]
52/97 (4, 4, 6, 8, 8, 12) [24, 24]
37/69 (8, 8, 20, 20, 20) [41, 40]
22/41 (4, 4, 4, 6, 20, 20, 20) [43, 42]
51/95 (6, 6, 20, 20, 20) [39, 38]
29/54 (4, 6, 20, 20, 20) [38, 37]
36/67 (4, 4, 12, 12) [18, 18]
43/80 (20, 20, 20) [32, 31]
50/93 (4, 6, 6, 6, 6, 12) [23, 23]
7/13 (4, 8, 8, 12) [18, 18]
48/89 (4, 4, 4, 4, 8, 12) [21, 21]
41/76 (6, 12, 12, 20, 20) [38, 37]
34/63 (4, 12, 12, 20, 20) [37, 36]
27/50 (4, 6, 8, 12) [17, 17]
47/87 (8, 8, 12, 20, 20) [37, 36]
20/37 (4, 4, 4, 4, 6, 12) [20, 20]
53/98 (6, 8, 12, 20, 20) [36, 35]
33/61 (4, 4, 8, 12) [16, 16]
46/85 (4, 6, 6, 12) [16, 16]
13/24 (4, 12) [9, 9]
45/83 (4, 6, 6, 6, 8, 20, 20) [39, 38]
32/59 (12, 12, 12, 12, 20) [37, 36]
51/94 (12, 20, 20) [28, 27]
19/35 (4, 6, 8, 12, 12, 12, 20) [41, 40]
44/81 (6, 6, 8, 20, 20) [33, 32]
25/46 (4, 4, 4, 8, 8, 8) [21, 21]
31/57 (6, 6, 6, 20, 20) [32, 31]
37/68 (4, 4, 4, 12, 12, 12, 20) [38, 37]
43/79 (6, 8, 8, 8) [17, 17]
49/90 (6, 12, 12, 12, 20) [34, 33]
6/11 (8, 8, 12, 12, 20) [33, 32]
53/97 (4, 4, 4, 6, 8, 8) [20, 20]
47/86 (4, 8, 12, 12, 20) [31, 30]
41/75 (4, 8, 12, 12, 20) [31, 30]
35/64 (6, 6, 12, 12, 20) [31, 30]
29/53 (4, 6, 12, 12, 20) [30, 29]
52/95 (6, 6, 8, 8) [16, 16]
23/42 (6, 12, 20, 20, 20, 20) [53, 51]
40/73 (6, 8, 8, 12, 20) [30, 29]
17/31 (4, 8, 8, 12, 20) [29, 28]
45/82 (8, 8, 8, 8, 20) [29, 28]
28/51 (6, 6, 6, 12, 20) [28, 27]
39/71 (4, 4, 8, 12, 20) [27, 26]
50/91 (4, 6, 8, 8) [15, 15]
11/20 (20,) [11, 10]
49/89 (6, 6, 8, 12, 12, 12, 12) [38, 37]
38/69 (8, 12, 12, 20, 20, 20) [50, 48]
27/49 (6, 6, 6, 8) [15, 15]
43/78 (6, 12, 12, 20, 20, 20) [49, 47]
16/29 (4, 6, 6, 8, 12, 20, 20, 20) [53, 51]
53/96 (4, 6, 6, 12, 12, 12, 12) [36, 35]
37/67 (4, 6, 6, 12, 12, 12, 12) [36, 35]
21/38 (4, 4, 4, 4, 6, 8) [18, 18]
47/85 (8, 12, 12, 12, 12) [31, 30]
26/47 (4, 6, 12, 20, 20, 20) [45, 43]
31/56 (6, 8, 8, 20, 20, 20) [45, 43]
36/65 (4, 6, 6, 8) [14, 14]
41/74 (6, 12, 12, 12, 12) [30, 29]
46/83 (8, 20, 20, 20, 20, 20, 20) [69, 66]
51/92 (4, 6, 8, 20, 20, 20) [43, 41]
5/9 (6, 20, 20, 20) [36, 34]
54/97 (4, 6, 6, 6, 12, 12, 12) [33, 32]
49/88 (4, 6, 6, 6, 12, 12, 12) [33, 32]
44/79 (4, 8, 8, 8, 8, 12, 12) [34, 33]
39/70 (8, 8, 12, 12, 20, 20) [44, 42]
34/61 (4, 4, 6, 8) [13, 13]
29/52 (6, 8, 12, 12, 12) [28, 27]
53/95 (4, 8, 12, 12, 12, 12, 12, 20) [51, 49]
24/43 (4, 8, 12, 12, 20, 20) [42, 40]
43/77 (6, 8, 20, 20, 20, 20, 20) [62, 59]
19/34 (4, 8, 12, 12, 12) [27, 26]
52/93 (6, 6, 12, 12, 12) [27, 26]
33/59 (4, 4, 8, 8, 8, 12, 12) [32, 31]
47/84 (6, 8, 8, 12, 20, 20) [41, 39]
14/25 (4, 6, 12, 12, 12) [26, 25]
51/91 (6, 8, 8, 8, 8, 8, 12) [33, 32]
37/66 (4, 4, 4, 8) [12, 12]
23/41 (4, 4, 12, 12, 12) [25, 24]
55/98 (4, 4, 8, 12, 20, 20) [38, 36]
32/57 (4, 6, 6, 12, 20, 20) [38, 36]
41/73 (6, 8, 8, 8, 20, 20) [39, 37]
50/89 (6, 8, 8, 8, 20, 20) [39, 37]
9/16 (4, 8) [7, 7]
49/87 (4, 12, 20, 20) [31, 29]
40/71 (6, 6, 6, 8, 20, 20) [37, 35]
31/55 (4, 4, 4, 4, 4, 6) [16, 16]
53/94 (4, 8, 8, 12, 12) [25, 24]
22/39 (4, 6, 6, 8, 20, 20) [36, 34]
35/62 (6, 6, 8, 12, 12) [25, 24]
48/85 (6, 8, 12, 12, 12, 20) [39, 37]
13/23 (8, 20, 20, 20, 20) [48, 45]
56/99 (4, 4, 4, 8, 20, 20) [34, 32]
43/76 (4, 6, 8, 12, 12) [24, 23]
30/53 (4, 4, 6, 6) [12, 12]
47/83 (8, 8, 8, 12, 12, 20) [38, 36]
17/30 (4, 8, 20, 20) [29, 27]
55/97 (6, 8, 8, 12, 12, 20) [37, 35]
38/67 (6, 8, 8, 12, 12, 20) [37, 35]
21/37 (12, 12, 12, 20) [31, 29]
46/81 (4, 4, 4, 4, 20, 20) [32, 30]
25/44 (4, 6, 6, 12, 12) [23, 22]
54/95 (4, 6, 20, 20) [28, 26]
29/51 (4, 6, 8, 12, 12, 20) [35, 33]
33/58 (4, 8, 8, 12, 20, 20, 20) [51, 48]
37/65 (4, 4, 8, 12, 12, 20) [34, 32]
41/72 (8, 12, 12) [18, 17]
45/79 (4, 4, 20, 20) [27, 25]
49/86 (4, 4, 20, 20) [27, 25]
53/93 (4, 4, 8, 12, 20, 20, 20) [49, 46]
57/100 (4, 4, 6, 12, 12) [22, 21]
4/7 (4, 12, 20, 20, 20) [42, 39]
55/96 (6, 12, 12) [17, 16]
51/89 (4, 6, 8, 8, 12) [22, 21]
47/82 (4, 8, 20, 20, 20) [40, 37]
43/75 (6, 6, 20, 20, 20) [40, 37]
39/68 (4, 4, 6, 6, 12, 20) [30, 28]
35/61 (6, 8, 12, 20) [26, 24]
31/54 (4, 4, 20, 20, 20) [38, 35]
27/47 (6, 6, 12, 20) [25, 23]
50/87 (20, 20, 20) [33, 30]
23/40 (4, 20) [14, 12]
42/73 (12, 12, 12, 20, 20) [42, 39]
19/33 (4, 6, 6, 8, 12) [21, 20]
53/92 (8, 8, 8, 12, 20, 20, 20, 20) [64, 60]
34/59 (4, 6, 6, 6, 8, 8, 8) [27, 26]
49/85 (4, 12, 12) [16, 15]
15/26 (12, 12, 20, 20, 20, 20) [57, 53]
56/97 (6, 8, 12, 12, 12, 12) [35, 33]
41/71 (4, 4, 4, 4, 6, 6, 12) [24, 23]
26/45 (4, 8, 8, 8, 12, 20, 20) [45, 42]
37/64 (8, 8, 12) [16, 15]
48/83 (4, 8, 12, 12, 12, 12) [34, 32]
11/19 (6, 12, 20, 20, 20, 20) [54, 50]
51/88 (4, 6, 6, 8, 12, 20, 20) [43, 40]
40/69 (6, 6, 6, 6, 8, 12, 12, 12) [39, 37]
29/50 (4, 4, 4, 8, 12) [19, 18]
47/81 (8, 8, 12, 20, 20) [38, 35]
18/31 (6, 8, 20, 20, 20, 20) [52, 48]
43/74 (4, 4, 12, 12, 12, 12) [32, 30]
25/43 (4, 4, 4, 4, 20, 20, 20, 20) [54, 50]
57/98 (6, 8, 12) [15, 14]
32/55 (4, 8, 12, 20, 20) [36, 33]
39/67 (4, 4, 4, 6, 12) [18, 17]
46/79 (4, 4, 8, 8, 8, 20, 20) [41, 38]
53/91 (12, 12, 12, 20, 20, 20) [53, 49]
7/12 (12,) [7, 6]
52/89 (12, 12, 12, 12, 20) [38, 35]
45/77 (4, 8, 8, 12, 12, 12, 20) [43, 40]
38/65 (12, 20, 20) [29, 26]
31/53 (6, 12, 12, 20, 20, 20) [50, 46]
55/94 (4, 4, 4, 6, 6, 12, 12, 12) [35, 33]
24/41 (4, 8, 8, 20, 20) [34, 31]
41/70 (4, 4, 4, 6, 6, 8, 8) [24, 23]
58/99 (4, 4, 4, 4) [10, 10]
17/29 (8, 8, 12, 20, 20, 20) [49, 45]
44/75 (4, 4, 8, 12, 12, 12) [30, 28]
27/46 (6, 8, 12, 20, 20, 20) [48, 44]
37/63 (6, 6, 6, 8, 8) [20, 19]
47/80 (4, 8, 12, 20, 20, 20) [47, 43]
57/97 (6, 6, 12, 20, 20, 20) [47, 43]
10/17 (4, 6, 12, 20, 20, 20) [46, 42]
53/90 (8, 12, 12, 12) [25, 23]
43/73 (4, 12, 12, 12, 20) [34, 31]
33/56 (8, 20, 20) [27, 24]
56/95 (8, 20, 20) [27, 24]
23/39 (4, 8, 8, 8, 12, 12) [30, 28]
59/100 (6, 6, 6, 6, 12, 12, 20) [39, 36]
36/61 (4, 4, 4, 12, 12, 12) [28, 26]
49/83 (6, 6, 8, 8, 12, 12) [30, 28]
13/22 (6, 12, 12, 12) [24, 22]
55/93 (4, 4, 4, 8, 12, 12, 20) [37, 34]
42/71 (8, 20, 20, 20) [38, 34]
29/49 (6, 8, 12, 12, 20) [33, 30]
45/76 (4, 4, 4, 20, 20, 20) [41, 37]
16/27 (4, 8, 12, 12, 20) [32, 29]
51/86 (6, 6, 6, 6, 8) [19, 18]
35/59 (4, 4, 4, 4, 4, 8, 8) [22, 21]
54/91 (4, 12, 12, 12, 20, 20) [45, 41]
19/32 (4, 20, 20) [25, 22]
41/69 (4, 6, 6, 6, 8, 12, 20) [36, 33]
22/37 (8, 8, 12, 12, 20, 20) [45, 41]
47/79 (4, 4, 12, 12, 20) [30, 27]
25/42 (6, 8, 8, 12, 20) [31, 28]
53/89 (6, 8, 12, 12, 20, 20) [44, 40]
28/47 (6, 8, 8, 8, 8, 12) [29, 27]
59/99 (4, 4, 4, 6, 8, 12, 20) [34, 31]
31/52 (4, 8, 8, 12, 20) [30, 27]
34/57 (12, 12, 20) [25, 22]
37/62 (8, 8, 12, 12) [23, 21]
40/67 (8, 8, 8, 8, 20) [30, 27]
43/72 (4, 6, 8, 12, 20) [29, 26]
46/77 (4, 6, 8, 12, 20) [29, 26]
49/82 (4, 6, 6, 6, 8) [18, 17]
52/87 (4, 6, 6, 6, 12, 12) [27, 25]
55/92 (4, 8, 8, 8, 8, 12) [28, 26]
58/97 (6, 8, 8, 8, 20) [29, 26]
3/5 (20,) [12, 9]
59/98 (4, 8, 12, 12) [21, 19]
56/93 (6, 8, 8, 8, 20, 20) [40, 36]
53/88 (4, 8, 8, 8, 12, 12, 12, 20) [48, 44]
50/83 (4, 4, 4, 6, 12, 12) [25, 23]
47/78 (8, 12, 20, 20) [34, 30]
44/73 (4, 4, 6, 6, 8) [17, 16]
41/68 (8, 8, 8, 8, 8, 8) [28, 26]
38/63 (4, 4, 4, 4, 6, 8, 8, 12) [30, 28]
35/58 (4, 4, 4, 12, 20, 20) [37, 33]
32/53 (6, 12, 20, 20) [33, 29]
29/48 (4, 12, 12, 12, 12, 20) [41, 37]
55/91 (4, 6, 6, 8, 8, 12) [26, 24]
26/43 (4, 12, 20, 20) [32, 28]
49/81 (8, 12, 12, 12, 12) [32, 29]
23/38 (4, 4, 4, 4, 12, 12) [24, 22]
43/71 (8, 8, 12, 12, 12, 20) [41, 37]
20/33 (4, 6, 6, 8, 20, 20) [37, 33]
57/94 (4, 6, 12, 12) [20, 18]
37/61 (4, 6, 12, 12) [20, 18]
54/89 (6, 8, 8, 8, 8, 8) [27, 25]
17/28 (8, 8, 20, 20) [32, 28]
48/79 (8, 8, 20, 20, 20) [43, 38]
31/51 (4, 6, 6, 6, 20, 20, 20) [47, 42]
45/74 (4, 6, 6, 6, 8, 12) [25, 23]
59/97 (4, 4, 4, 8, 20, 20) [35, 31]
14/23 (4, 4, 4, 6, 8) [16, 15]
53/87 (4, 6, 12, 12, 12, 20) [38, 34]
39/64 (4, 8, 8) [12, 11]
25/41 (6, 12, 20, 20, 20, 20) [55, 49]
61/100 (4, 6, 20, 20, 20) [40, 35]
36/59 (4, 4, 12, 12) [19, 17]
47/77 (4, 12, 20, 20, 20, 20) [54, 48]
58/95 (4, 4, 20, 20, 20) [39, 34]
11/18 (6, 6, 8) [12, 11]
52/85 (12, 12, 12, 20) [32, 28]
41/67 (8, 8, 12, 12, 12) [30, 27]
30/49 (12, 12, 12, 20, 20) [43, 38]
49/80 (4, 6, 20, 20) [29, 25]
19/31 (6, 6, 20, 20, 20, 20) [52, 46]
46/75 (4, 4, 6, 6, 6) [16, 15]
27/44 (4, 6, 20, 20, 20, 20) [51, 45]
35/57 (6, 12, 20, 20, 20, 20, 20) [66, 59]
43/70 (4, 4, 20, 20) [28, 24]
51/83 (4, 4, 20, 20) [28, 24]
59/96 (4, 4, 8, 12, 12, 20) [35, 31]
8/13 (4, 6, 8, 8, 8, 12, 12) [34, 31]
61/99 (8, 12, 12, 20) [30, 26]
53/86 (4, 8, 12, 12, 12) [28, 25]
45/73 (4, 4, 4, 12, 12, 20, 20) [44, 39]
37/60 (6, 6, 8, 8, 12, 20) [35, 31]
29/47 (6, 6, 12, 12, 12) [28, 25]
50/81 (4, 4, 4, 12, 12, 20) [33, 29]
21/34 (4, 6, 8, 8, 12, 20) [34, 30]
55/89 (12, 12) [14, 12]
34/55 (6, 6, 6, 8, 12, 20) [34, 30]
47/76 (4, 6, 8, 12) [18, 16]
60/97 (4, 6, 8, 12) [18, 16]
13/21 (4, 12, 12, 20) [28, 24]
57/92 (6, 6, 6, 6, 12, 20) [33, 29]
44/71 (4, 6, 8) [11, 10]
31/50 (8, 8, 12, 20, 20, 20) [50, 44]
49/79 (4, 4, 6, 8, 12, 20) [32, 28]
18/29 (6, 8, 12, 20, 20) [38, 33]
59/95 (4, 6, 8, 8, 8, 20, 20, 20) [54, 48]
41/66 (4, 6, 8, 8, 8, 20, 20) [43, 38]
23/37 (4, 8, 12, 20, 20, 20) [48, 42]
51/82 (6, 8, 12, 20) [27, 23]
28/45 (6, 6, 12, 20, 20) [37, 32]
61/98 (4, 4, 4, 6, 6) [15, 14]
33/53 (4, 4, 4, 4, 4, 12) [20, 18]
38/61 (4, 8, 12, 20) [26, 22]
43/69 (6, 6, 12, 20) [26, 22]
48/77 (4, 4, 6, 8, 8, 20) [30, 26]
53/85 (8, 8, 8, 20) [26, 22]
58/93 (6, 8, 8, 12, 12) [27, 24]
5/8 (8,) [5, 4]
62/99 (4, 8, 8, 12, 12) [26, 23]
57/91 (4, 8, 8, 20, 20, 20, 20) [57, 50]
52/83 (4, 6, 6, 20, 20, 20) [44, 38]
47/75 (8, 8, 8, 8, 8, 8, 8) [33, 30]
42/67 (4, 8, 8, 20, 20) [35, 30]
37/59 (4, 6, 8, 20, 20, 20, 20) [56, 49]
32/51 (6, 6, 8, 20, 20) [35, 30]
59/94 (8, 12, 12, 12, 20, 20) [48, 42]
27/43 (4, 4, 4, 20, 20, 20) [42, 36]
49/78 (4, 4, 4, 4, 8, 20, 20) [38, 33]
22/35 (4, 4, 4, 8, 8, 8) [22, 20]
61/97 (8, 20, 20, 20, 20) [50, 43]
39/62 (4, 20, 20, 20) [37, 31]
56/89 (4, 8, 12, 12, 12, 12) [35, 31]
17/27 (4, 4, 6, 12, 12, 12, 20) [41, 36]
63/100 (4, 6, 8, 12, 12) [25, 22]
46/73 (4, 4, 8, 20, 20) [33, 28]
29/46 (4, 20, 20, 20, 20) [48, 41]
41/65 (6, 8, 8, 8) [18, 16]
53/84 (6, 8, 8, 8) [18, 16]
12/19 (8, 8, 8, 8, 12) [26, 23]
55/87 (4, 20, 20, 20, 20, 20) [59, 51]
43/68 (4, 4, 6, 8, 8, 12, 12, 12) [39, 35]
31/49 (4, 4, 6, 20, 20) [32, 27]
50/79 (4, 4, 8, 12, 12) [24, 21]
19/30 (4, 6, 6, 8, 12, 12, 20) [40, 35]
45/71 (4, 6, 6, 6, 6, 8) [22, 20]
26/41 (4, 4, 4, 4, 6) [14, 13]
59/93 (4, 4, 4, 20, 20) [31, 26]
33/52 (8, 8, 12, 12, 20) [35, 30]
40/63 (4, 6, 12, 12, 20, 20) [43, 37]
47/74 (4, 6, 6, 6, 12, 12, 20) [39, 34]
54/85 (6, 8, 8, 12, 12, 12) [34, 30]
61/96 (6, 20, 20) [27, 22]
7/11 (6, 8, 12, 12, 20) [34, 29]
58/91 (4, 8, 8, 12, 12, 12) [33, 29]
51/80 (4, 20, 20) [26, 21]
44/69 (4, 8, 12, 12, 20) [33, 28]
37/58 (4, 4, 6, 12, 12) [23, 20]
30/47 (6, 6, 8, 12, 20, 20) [42, 36]
53/83 (6, 6, 6, 6, 6, 6, 12) [29, 26]
23/36 (4, 6, 6) [10, 9]
62/97 (8, 12, 20, 20, 20, 20) [57, 49]
39/61 (6, 6, 8, 8) [17, 15]
55/86 (4, 6, 12, 12, 20) [32, 27]
16/25 (6, 12, 20, 20, 20) [45, 38]
57/89 (6, 6, 8, 8, 12) [24, 21]
41/64 (4, 8, 12, 12, 12, 12, 12) [42, 37]
25/39 (4, 6, 6, 12, 20, 20) [40, 34]
59/92 (6, 6, 6, 12, 12, 12) [32, 28]
34/53 (6, 8, 8, 12, 20) [32, 27]
43/67 (4, 6, 6, 6, 6, 6, 12) [28, 25]
52/81 (4, 4, 4, 12, 12) [22, 19]
61/95 (8, 12, 20, 20) [35, 29]
9/14 (4, 8, 8, 12, 20) [31, 26]
56/87 (4, 8, 20, 20, 20, 20) [53, 45]
47/73 (6, 12, 20, 20) [34, 28]
38/59 (6, 6, 20, 20, 20, 20) [53, 45]
29/45 (8, 8, 8, 8, 20) [31, 26]
49/76 (4, 6, 8, 12, 20) [30, 25]
20/31 (4, 12, 20, 20) [33, 27]
51/79 (6, 6, 6, 8, 12) [23, 20]
31/48 (4, 6, 8, 8) [16, 14]
42/65 (8, 12, 12, 12) [26, 22]
53/82 (4, 4, 20, 20, 20) [40, 33]
64/99 (4, 6, 6, 12, 20) [29, 24]
11/17 (12, 12, 12, 12, 12) [35, 30]
57/88 (8, 8, 8, 8, 8) [24, 21]
46/71 (8, 12, 20) [24, 19]
35/54 (4, 6, 8, 8, 20) [28, 23]
59/91 (6, 6, 6, 8, 20) [28, 23]
24/37 (4, 4, 4, 12, 20) [27, 22]
61/94 (4, 4, 8, 8, 20) [27, 22]
37/57 (4, 6, 6, 8, 20) [27, 22]
50/77 (4, 12, 12) [17, 14]
63/97 (6, 12, 12, 12) [25, 21]
13/20 (20,) [13, 8]
54/83 (4, 12, 12, 20, 20, 20, 20) [62, 53]
41/63 (6, 6, 6, 6, 12) [22, 19]
28/43 (6, 6, 6, 12, 12, 12, 12) [39, 34]
43/66 (4, 6, 6, 12, 12, 20, 20) [47, 40]
58/89 (8, 8, 12, 20, 20, 20, 20) [62, 53]
15/23 (4, 4, 4, 8, 8, 8, 8) [27, 24]
62/95 (8, 12, 12, 20, 20) [42, 35]
47/72 (6, 6, 20, 20) [31, 25]
32/49 (4, 4, 4, 8, 8, 12, 12, 20) [43, 37]
49/75 (4, 4, 6, 8, 12) [21, 18]
17/26 (4, 4, 4, 4, 20, 20) [34, 28]
53/81 (4, 4, 8, 8) [15, 13]
36/55 (4, 4, 4, 4, 6, 8) [19, 17]
55/84 (4, 6, 20, 20) [30, 24]
19/29 (4, 8, 8, 12, 12, 20) [38, 32]
59/90 (4, 4, 6, 6, 6, 12, 12, 20) [42, 36]
40/61 (6, 6, 8, 12, 12, 20) [38, 32]
61/93 (12, 20, 20, 20, 20, 20) [64, 54]
21/32 (4, 4, 6) [9, 8]
65/99 (4, 4, 4, 4, 4, 6, 12) [24, 21]
44/67 (4, 6, 6, 6, 6, 8, 8) [27, 24]
23/35 (4, 4, 12, 20, 20, 20) [47, 39]
48/73 (4, 4, 4, 8, 12) [20, 17]
25/38 (4, 6, 6, 8) [15, 13]
52/79 (12, 12, 12, 12, 20, 20) [51, 43]
27/41 (12, 20, 20, 20) [42, 34]
56/85 (6, 6, 8, 20, 20, 20) [47, 39]
29/44 (4, 6, 6, 12, 12, 20) [36, 30]
60/91 (4, 8, 8, 8, 8) [22, 19]
31/47 (8, 20, 20, 20, 20) [51, 42]
64/97 (6, 8, 12) [16, 13]
33/50 (20, 20) [24, 18]
35/53 (4, 8, 8, 8, 8, 12) [29, 25]
37/56 (8, 12, 12, 20) [31, 25]
39/59 (6, 6, 12, 20, 20) [38, 31]
41/62 (4, 6, 6, 12, 12, 12, 20, 20) [54, 46]
43/65 (4, 20, 20, 20, 20) [49, 40]
45/68 (6, 6, 8, 8, 8) [22, 19]
47/71 (4, 4, 6, 6, 6, 8, 8) [26, 23]
49/74 (8, 20, 20, 20) [40, 32]
51/77 (4, 6, 12, 20, 20) [37, 30]
53/80 (8, 12, 12, 12, 20, 20) [49, 41]
55/83 (4, 6, 6, 8, 12, 12, 12) [36, 31]
57/86 (4, 4, 4, 6, 6, 8, 12, 20) [39, 33]
59/89 (6, 12, 12, 20) [30, 24]
61/92 (8, 8, 8, 20, 20) [38, 31]
63/95 (8, 8, 8, 20, 20) [38, 31]
65/98 (4, 4, 4, 4, 4, 8) [18, 16]
2/3 (6,) [4, 3]
67/100 (8, 8, 20, 20, 20, 20, 20) [67, 56]
65/97 (4, 6, 6, 8, 8, 20) [32, 26]
63/94 (4, 4, 4, 6, 12, 20) [31, 25]
61/91 (4, 12, 20, 20, 20, 20) [56, 46]
59/88 (4, 8, 12, 20) [27, 21]
57/85 (6, 6, 6, 8, 8) [21, 18]
55/82 (6, 6, 6, 8, 8) [21, 18]
53/79 (6, 6, 12, 20) [27, 21]
51/76 (4, 4, 4, 4, 6, 6) [18, 16]
49/73 (4, 8, 8, 8, 12, 12, 20) [43, 36]
47/70 (4, 4, 6, 8, 8, 20) [31, 25]
45/67 (8, 8, 8, 20) [27, 21]
43/64 (8, 8) [10, 8]
41/61 (4, 4, 4, 4, 4, 6, 8, 20) [34, 28]
39/58 (4, 6, 12, 20) [26, 20]
37/55 (6, 6, 12, 12, 12) [29, 24]
35/52 (6, 8, 8, 20) [26, 20]
33/49 (20, 20, 20, 20, 20, 20) [69, 57]
64/95 (8, 20, 20) [29, 22]
31/46 (4, 4, 8, 8, 8) [20, 17]
60/89 (6, 6, 8, 20) [25, 19]
29/43 (20, 20, 20, 20, 20) [58, 47]
56/83 (4, 6, 8, 20) [24, 18]
27/40 (4, 20) [16, 10]
52/77 (6, 6, 6, 6, 20, 20, 20) [50, 41]
25/37 (4, 4, 4, 20, 20) [32, 25]
48/71 (4, 4, 20, 20, 20, 20) [52, 42]
23/34 (4, 4, 4, 6, 6, 6, 6, 12) [30, 26]
67/99 (4, 6, 6, 6, 8, 12) [26, 22]
44/65 (4, 6, 8, 12, 20, 20) [42, 34]
65/96 (4, 4, 6, 8, 12, 12, 20) [40, 33]
21/31 (20, 20, 20, 20) [47, 37]
61/90 (4, 4, 4, 8) [13, 11]
40/59 (4, 8, 12, 12, 12, 12) [36, 30]
59/87 (4, 4, 8, 12, 20, 20) [41, 33]
19/28 (4, 4, 12, 12, 12) [27, 22]
55/81 (4, 8, 8, 8, 8, 8, 12) [34, 29]
36/53 (4, 6, 6, 8, 8, 12, 12, 20, 20) [57, 48]
53/78 (6, 8, 12, 12, 20) [35, 28]
17/25 (4, 6, 6, 6, 6, 8, 20, 20) [46, 38]
66/97 (8, 12, 20, 20) [36, 28]
49/72 (8, 12, 12, 20, 20, 20) [54, 44]
32/47 (4, 4, 20, 20, 20) [41, 32]
47/69 (6, 8, 8, 12) [21, 17]
62/91 (6, 6, 6, 6, 8) [20, 17]
15/22 (6, 6, 12, 12, 20) [34, 27]
58/85 (8, 8, 8, 12, 12, 12) [36, 30]
43/63 (20, 20, 20) [36, 27]
28/41 (12, 12, 12) [22, 17]
41/60 (4, 12, 12, 12, 12, 20) [43, 35]
54/79 (8, 8, 8) [15, 12]
67/98 (8, 8, 8) [15, 12]
13/19 (4, 4, 12, 20, 20, 20, 20) [59, 48]
63/92 (4, 4, 8, 8, 20, 20) [39, 31]
50/73 (12, 12, 12, 12, 20, 20, 20) [63, 52]
37/54 (4, 4, 6, 8, 8) [19, 16]
61/89 (4, 6, 6, 8, 20, 20) [39, 31]
24/35 (4, 4, 4, 6, 8, 12) [24, 20]
59/86 (6, 8, 8, 12, 12, 12) [35, 29]
35/51 (6, 8, 8, 12, 20) [33, 26]
46/67 (6, 20, 20, 20, 20, 20) [62, 50]
57/83 (4, 6, 6, 6, 6, 12, 20) [37, 30]
68/99 (4, 6, 6, 6, 6, 12, 20) [37, 30]
11/16 (4, 8) [8, 6]
64/93 (6, 6, 8, 12) [20, 16]
53/77 (8, 12, 12, 20, 20) [43, 34]
42/61 (4, 6, 12, 20, 20, 20) [49, 39]
31/45 (6, 6, 6, 8, 8, 8) [26, 22]
51/74 (8, 20, 20, 20, 20) [52, 41]
20/29 (4, 6, 6, 6, 8) [19, 16]
69/100 (6, 6, 8, 12, 12, 12) [34, 28]
49/71 (6, 12, 12, 20, 20) [42, 33]
29/42 (4, 6, 8, 12, 20) [31, 24]
67/97 (4, 4, 4, 4, 8, 12) [23, 19]
38/55 (4, 4, 6, 6) [13, 11]
47/68 (6, 6, 6, 12, 20) [31, 24]
56/81 (12, 20, 20, 20) [43, 33]
65/94 (4, 12, 12, 20, 20) [41, 32]
9/13 (4, 4, 6, 6, 8, 8, 20) [35, 28]
61/88 (4, 6, 8, 12) [19, 15]
52/75 (12, 12, 20, 20, 20, 20) [61, 49]
43/62 (4, 4, 12, 12, 12, 20) [39, 31]
34/49 (4, 4, 6, 8, 12, 20, 20) [45, 36]
59/85 (8, 8, 12, 20, 20) [41, 32]
25/36 (6, 6, 8, 8, 20) [30, 23]
66/95 (8, 12, 20) [25, 18]
41/59 (6, 6, 6, 12) [19, 15]
57/82 (4, 4, 4, 4, 6, 12, 12) [29, 24]
16/23 (4, 4, 4, 6, 6, 8, 20) [33, 26]
55/79 (12, 12, 12, 20) [34, 26]
39/56 (4, 4, 4, 12, 20) [28, 21]
62/89 (4, 6, 8, 8, 8, 20, 20) [45, 36]
23/33 (4, 4, 20, 20) [30, 22]
53/76 (4, 4, 12, 12, 20, 20, 20) [55, 44]
30/43 (4, 8, 12, 20, 20) [39, 30]
67/96 (6, 8, 8) [14, 11]
37/53 (6, 12, 20, 20, 20, 20) [58, 46]
44/63 (6, 6, 12, 20, 20) [39, 30]
51/73 (4, 4, 8, 12) [18, 14]
58/83 (4, 6, 6, 6, 20) [27, 20]
65/93 (4, 12, 20) [23, 16]
7/10 (20,) [14, 7]
68/97 (4, 4, 6, 8, 8, 8) [24, 20]
61/87 (20, 20, 20, 20, 20) [59, 46]
54/77 (8, 12, 12) [20, 15]
47/67 (4, 4, 12, 20, 20) [37, 28]
40/57 (4, 4, 6, 12, 12) [24, 19]
33/47 (4, 8, 8, 8, 12, 12) [32, 26]
59/84 (4, 6, 6, 12, 20, 20, 20) [53, 42]
26/37 (4, 6, 8, 8, 8, 8, 8) [31, 26]
45/64 (6, 8, 12, 12, 20, 20) [47, 37]
64/91 (8, 12, 12, 12, 12) [34, 27]
19/27 (4, 8, 8, 8, 12) [25, 20]
69/98 (12, 20, 20) [32, 23]
50/71 (12, 20, 20) [32, 23]
31/44 (4, 6, 6, 6, 8, 8) [24, 20]
43/61 (6, 6, 6, 8, 8, 8, 8) [31, 26]
55/78 (6, 6, 12, 12, 20, 20) [46, 36]
67/95 (6, 12, 12, 12) [26, 20]
12/17 (6, 6, 8, 8, 12) [25, 20]
65/92 (4, 12, 20, 20, 20) [46, 35]
53/75 (4, 4, 8, 8, 20, 20, 20) [51, 40]
41/58 (20, 20, 20, 20) [48, 36]
70/99 (4, 4, 4, 12) [16, 12]
29/41 (6, 6, 6, 8, 12, 20) [36, 28]
46/65 (4, 4, 8, 8, 8, 8, 8) [30, 25]
63/89 (4, 4, 12, 12, 20, 20) [44, 34]
17/24 (4, 12) [11, 7]
56/79 (6, 6, 6, 8, 12, 12) [31, 25]
39/55 (6, 8, 8, 12, 20, 20) [45, 35]
61/86 (4, 6, 6, 8, 12, 20) [35, 27]
22/31 (6, 8, 8, 8, 12, 20, 20, 20) [61, 49]
71/100 (4, 12, 12, 12, 12) [32, 25]
49/69 (12, 12, 20, 20) [39, 29]
27/38 (4, 8, 8, 12, 20, 20) [44, 34]
59/83 (4, 8, 8) [13, 10]
32/45 (4, 4, 6, 8, 12, 20) [34, 26]
69/97 (8, 8, 12, 20) [30, 22]
37/52 (6, 8, 8, 8) [19, 15]
42/59 (6, 6, 20, 20, 20) [44, 33]
47/66 (6, 12, 12, 20, 20, 20) [54, 42]
52/73 (4, 4, 6, 20, 20) [34, 25]
57/80 (8, 20, 20) [30, 21]
62/87 (4, 6, 6, 8, 12, 12) [30, 24]
67/94 (6, 12, 12, 12, 20) [38, 29]
5/7 (4, 4, 4, 20, 20) [33, 24]
68/95 (4, 4, 4, 4, 6, 8, 12) [27, 22]
63/88 (4, 4, 8, 8, 12) [23, 18]
58/81 (4, 8, 12, 20) [28, 20]
53/74 (20, 20, 20) [37, 26]
48/67 (12, 12, 12, 20, 20) [46, 35]
43/60 (4, 4, 6, 8, 12, 12) [29, 23]
38/53 (6, 6, 12, 20) [28, 20]
71/99 (8, 12, 12, 12, 20, 20, 20) [62, 49]
33/46 (4, 8, 8, 8, 20, 20) [42, 32]
61/85 (4, 4, 6, 20, 20, 20, 20) [57, 44]
28/39 (8, 8, 12, 12, 20) [37, 28]
51/71 (4, 6, 6, 8, 12) [23, 18]
23/32 (6, 12, 12, 12, 12, 20) [45, 35]
64/89 (4, 8, 8, 8, 8, 12) [30, 24]
41/57 (6, 12, 20, 20) [36, 26]
59/82 (6, 6, 6, 8, 8, 8, 8, 8) [36, 30]
18/25 (4, 12, 20, 20, 20, 20, 20) [69, 54]
67/93 (6, 8, 8, 20) [27, 19]
49/68 (6, 6, 6, 6, 12) [23, 18]
31/43 (4, 4, 4, 8, 12, 12) [28, 22]
44/61 (4, 4, 4, 4, 4, 8, 12) [26, 21]
57/79 (8, 8, 8, 8, 8, 8, 20) [42, 33]
70/97 (4, 4, 4, 6, 8, 20) [30, 22]
13/18 (6, 6) [8, 6]
60/83 (12, 20, 20, 20) [44, 32]
47/65 (6, 8, 12, 12) [24, 18]
34/47 (6, 6, 12, 12, 20) [35, 26]
55/76 (4, 6, 8, 20) [25, 17]
21/29 (4, 4, 4, 4, 6, 20) [28, 20]
71/98 (6, 6, 8, 8) [18, 14]
50/69 (4, 4, 8, 20) [24, 16]
29/40 (4, 20) [17, 9]
66/91 (6, 6, 12, 12, 12) [30, 23]
37/51 (4, 6, 12, 12, 20) [34, 25]
45/62 (4, 6, 12, 12, 20, 20, 20) [57, 44]
53/73 (4, 12, 12, 20, 20) [42, 31]
61/84 (4, 6, 6, 6, 12) [22, 17]
69/95 (4, 6, 6, 6, 12) [22, 17]
8/11 (6, 8, 20, 20) [34, 24]
67/92 (8, 20, 20, 20) [42, 30]
59/81 (8, 20, 20, 20) [42, 30]
51/70 (6, 6, 12, 12, 12, 20) [42, 32]
43/59 (4, 6, 12, 12, 12) [29, 22]
35/48 (4, 6, 8) [12, 9]
62/85 (4, 8, 20, 20) [33, 23]
27/37 (6, 8, 20, 20, 20, 20) [57, 43]
73/100 (4, 4, 4, 8, 12) [21, 16]
46/63 (6, 6, 12, 12) [23, 17]
65/89 (4, 4, 8, 8, 8, 12) [28, 22]
19/26 (4, 8, 20, 20, 20, 20) [56, 42]
68/93 (4, 8, 8, 12, 20) [33, 24]
49/67 (4, 8, 8, 8, 8) [23, 18]
30/41 (4, 6, 8, 8, 8, 20, 20) [46, 35]
71/97 (6, 6, 8, 12, 20) [33, 24]
41/56 (4, 4, 6, 6, 12) [21, 16]
52/71 (4, 6, 20, 20, 20, 20) [55, 41]
63/86 (6, 8, 12) [17, 12]
11/15 (6, 6, 12, 12, 12, 12, 20) [49, 38]
69/94 (8, 12, 20, 20, 20) [49, 36]
58/79 (4, 6, 8, 12, 20) [32, 23]
47/64 (4, 4, 20, 20) [31, 21]
36/49 (4, 4, 4, 4, 12, 20, 20) [43, 32]
61/83 (6, 6, 8, 8, 8) [23, 18]
25/34 (4, 4, 4, 6, 6, 8) [21, 17]
64/87 (4, 6, 12, 12) [22, 16]
39/53 (6, 12, 20, 20, 20) [48, 35]
53/72 (8, 8, 8, 20, 20) [40, 29]
67/91 (4, 4, 8, 12, 20) [31, 22]
14/19 (6, 6, 8, 12, 12, 20) [40, 30]
73/99 (4, 4, 12, 20, 20) [38, 27]
59/80 (20, 20) [26, 16]
45/61 (4, 8, 12, 12, 20, 20) [47, 35]
31/42 (8, 8, 8, 12) [23, 17]
48/65 (12, 12, 12) [23, 16]
65/88 (4, 4, 6, 6, 8, 20, 20) [43, 32]
17/23 (4, 4, 4, 4, 8, 8, 8) [26, 21]
71/96 (4, 8, 12) [16, 11]
54/73 (6, 6, 6, 12, 12, 20) [39, 29]
37/50 (6, 6, 8, 8, 20) [31, 22]
57/77 (6, 6, 6, 8) [17, 13]
20/27 (6, 6, 6) [12, 9]
63/85 (4, 4, 12, 12, 12, 12, 12, 20) [54, 42]
43/58 (4, 4, 12, 12) [21, 15]
66/89 (6, 6, 8, 20, 20) [38, 27]
23/31 (4, 4, 4, 12, 20) [29, 20]
72/97 (4, 4, 8) [11, 8]
49/66 (6, 8, 8, 8, 12, 20) [39, 29]
26/35 (4, 8, 20, 20, 20) [45, 32]
55/74 (4, 4, 4, 4, 12) [19, 14]
29/39 (4, 6, 8, 20, 20) [37, 26]
61/82 (12, 12, 20, 20) [40, 28]
32/43 (8, 12, 12, 20) [33, 23]
67/90 (6, 6, 6, 20, 20) [37, 26]
35/47 (4, 8, 8, 8, 12, 20) [38, 28]
73/98 (4, 6, 20, 20, 20) [44, 31]
38/51 (6, 6, 6, 6, 20) [29, 20]
41/55 (4, 4, 8, 12, 12, 12) [33, 25]
44/59 (4, 12, 20) [24, 15]
47/63 (4, 4, 8, 8) [16, 12]
50/67 (6, 8, 8, 12) [22, 16]
53/71 (4, 6, 12) [15, 10]
56/75 (4, 6, 6, 6, 20) [28, 19]
59/79 (8, 8, 20) [24, 15]
62/83 (4, 4, 4, 4, 6, 8) [20, 16]
65/87 (6, 12, 12, 20) [32, 22]
68/91 (6, 12, 12, 20) [32, 22]
71/95 (4, 6, 8, 12, 12) [27, 20]
74/99 (4, 6, 8, 12, 12) [27, 20]
3/4 (4,) [3, 2]
73/97 (4, 6, 6, 8) [16, 12]
70/93 (4, 6, 6, 8) [16, 12]
67/89 (4, 8, 8, 8, 12, 12) [33, 25]
64/85 (12, 20, 20, 20) [45, 31]
61/81 (4, 4, 4, 12, 20, 20) [41, 29]
58/77 (4, 4, 6, 8, 12, 20) [35, 25]
55/73 (8, 8, 12, 20) [31, 21]
52/69 (4, 8, 8, 8, 8, 20) [36, 26]
49/65 (4, 20, 20) [29, 18]
46/61 (6, 12, 20, 20) [37, 25]
43/57 (4, 6, 6, 6, 12, 20) [35, 25]
40/53 (4, 6, 6, 12, 12) [26, 19]
37/49 (4, 4, 4, 8, 8, 8, 12) [31, 24]
71/94 (4, 6, 8, 20, 20, 20) [49, 35]
34/45 (4, 4, 4, 4, 4, 6, 12, 20) [38, 28]
65/86 (4, 12, 12, 12, 12) [33, 24]
31/41 (4, 12, 20, 20) [36, 24]
59/78 (8, 8, 12, 12, 20) [38, 27]
28/37 (4, 4, 6, 6, 12, 20) [34, 24]
53/70 (6, 12, 12, 20, 20) [44, 31]
25/33 (6, 8, 8, 8, 12) [27, 20]
72/95 (6, 6, 6, 8, 8, 20) [35, 25]
47/62 (6, 6, 6, 6, 20, 20) [41, 29]
69/91 (6, 6, 6, 8, 12, 20, 20) [49, 36]
22/29 (4, 4, 4, 4, 8, 12) [24, 18]
63/83 (8, 20, 20, 20) [43, 29]
41/54 (4, 8, 12, 20) [29, 19]
60/79 (6, 8, 12, 12, 20) [37, 26]
19/25 (4, 4, 6, 12, 12) [25, 18]
73/96 (8, 12, 12) [21, 14]
54/71 (4, 4, 4, 4, 4, 8) [19, 15]
35/46 (6, 6, 6, 6) [16, 12]
51/67 (4, 12, 12, 12) [26, 18]
67/88 (4, 12, 12, 12) [26, 18]
16/21 (4, 8, 12, 12, 20) [36, 25]
61/80 (4, 4, 6, 8, 8, 20) [33, 23]
45/59 (8, 8, 8, 20) [29, 19]
74/97 (4, 20, 20, 20) [41, 27]
29/38 (4, 8, 8, 8, 12) [26, 19]
71/93 (4, 6, 6, 6, 8, 20) [33, 23]
42/55 (6, 8, 12, 12, 12, 12) [39, 29]
55/72 (4, 6, 6) [11, 8]
68/89 (4, 4, 4, 12, 20, 20, 20) [53, 38]
13/17 (6, 6, 6, 12) [20, 14]
75/98 (6, 6, 20, 20) [34, 22]
62/81 (4, 4, 6, 6, 6, 8, 12) [30, 23]
49/64 (8, 8) [11, 7]
36/47 (4, 4, 12, 20) [27, 17]
59/77 (4, 4, 6, 8, 8) [20, 15]
23/30 (4, 8, 12, 12, 12, 12) [38, 28]
56/73 (6, 6, 12, 20, 20) [41, 28]
33/43 (4, 4, 12, 12, 20) [34, 23]
76/99 (6, 8, 12, 12, 12) [32, 23]
43/56 (4, 4, 4, 6, 8, 20) [31, 21]
53/69 (4, 8, 8, 20) [27, 17]
63/82 (4, 6, 8, 20, 20, 20, 20) [61, 44]
73/95 (6, 12, 12) [20, 13]
10/13 (6, 8, 8, 12, 20) [35, 24]
77/100 (4, 4, 4, 4, 8, 20) [30, 20]
67/87 (8, 8, 12, 12) [26, 18]
57/74 (8, 8, 8, 8) [21, 15]
47/61 (4, 4, 4, 6, 6, 20) [30, 20]
37/48 (12, 20) [22, 12]
64/83 (4, 6, 8, 20) [26, 16]
27/35 (4, 6, 6, 12) [19, 13]
71/92 (4, 6, 8, 8, 12) [25, 18]
44/57 (4, 6, 6, 6, 8) [20, 15]
61/79 (4, 6, 6, 6, 12, 12) [30, 22]
17/22 (6, 6, 8, 12, 20) [34, 23]
75/97 (4, 6, 6, 20) [25, 15]
58/75 (4, 6, 6, 20) [25, 15]
41/53 (6, 6, 12, 12, 12) [31, 22]
65/84 (6, 6, 8, 12, 12, 20) [41, 29]
24/31 (12, 20, 20) [34, 21]
55/71 (4, 4, 12, 12, 12, 12) [36, 26]
31/40 (4, 20) [18, 8]
69/89 (4, 6, 8, 12, 20) [33, 22]
38/49 (4, 8, 12, 20, 20, 20) [53, 37]
45/58 (8, 8, 8, 8, 20) [34, 23]
52/67 (4, 6, 8, 12, 12, 20) [40, 28]
59/76 (6, 6, 6, 12, 20) [33, 22]
66/85 (4, 4, 20, 20, 20) [44, 29]
73/94 (4, 4, 20, 20, 20) [44, 29]
7/9 (4, 6, 6, 6) [15, 11]
74/95 (20, 20, 20) [39, 24]
67/86 (20, 20, 20) [39, 24]
60/77 (8, 8, 8, 8, 20, 20) [46, 32]
53/68 (4, 4, 8, 20, 20) [37, 24]
46/59 (8, 8, 8, 12, 12) [31, 22]
39/50 (4, 4, 4, 4, 4, 4, 12, 12) [32, 24]
71/91 (4, 6, 6, 20, 20) [37, 24]
32/41 (12, 12, 12, 12, 20, 20) [55, 39]
57/73 (4, 4, 4, 6, 6, 6, 12) [28, 21]
25/32 (8, 12) [14, 8]
68/87 (4, 8, 8, 20, 20, 20) [51, 35]
43/55 (8, 12, 20) [27, 16]
61/78 (4, 8, 8, 8, 20) [32, 21]
18/23 (4, 4, 4, 6, 12, 12) [28, 20]
65/83 (4, 4, 4, 8) [14, 10]
47/60 (8, 12, 12, 12, 12, 20) [48, 34]
76/97 (6, 8, 8, 8) [20, 14]
29/37 (6, 8, 8) [15, 10]
69/88 (12, 12, 20, 20, 20) [53, 36]
40/51 (4, 4, 4, 20, 20) [35, 22]
51/65 (6, 6, 6, 20, 20, 20) [50, 34]
62/79 (4, 4, 4, 12, 20) [30, 19]
73/93 (4, 4, 6, 12, 12, 20, 20) [50, 35]
11/14 (6, 12, 12, 20) [33, 21]
70/89 (6, 12, 20, 20) [38, 24]
59/75 (6, 6, 6, 8, 20) [31, 20]
48/61 (4, 6, 8, 12, 12, 12) [35, 25]
37/47 (6, 6, 6, 8, 12, 12, 20) [45, 32]
63/80 (4, 20, 20) [30, 17]
26/33 (4, 4, 6, 8, 12) [23, 16]
67/85 (4, 4, 8, 8, 20) [30, 19]
41/52 (4, 12, 20, 20) [37, 23]
56/71 (4, 4, 8, 8, 20, 20) [42, 28]
71/90 (4, 4, 8, 8, 12, 20) [37, 25]
15/19 (4, 12, 12, 20, 20) [44, 29]
79/100 (8, 12, 20, 20, 20) [51, 34]
64/81 (4, 4, 4, 4, 4, 6) [18, 14]
49/62 (6, 20, 20, 20) [43, 27]
34/43 (12, 20, 20, 20, 20) [58, 39]
53/67 (4, 6, 12, 12) [23, 15]
72/91 (6, 6, 6, 6, 8, 12) [29, 21]
19/24 (4, 12) [12, 6]
61/77 (8, 8, 20) [25, 14]
42/53 (4, 6, 6, 6, 20, 20) [41, 27]
65/82 (4, 6, 6, 6, 20) [29, 18]
23/29 (4, 4, 6, 6, 6, 12, 12) [33, 24]
73/92 (4, 8, 8, 8, 8, 20) [37, 25]
50/63 (4, 12, 20, 20, 20) [49, 32]
77/97 (4, 4, 4, 8, 20, 20) [40, 26]
27/34 (6, 12, 12, 12, 12) [35, 24]
58/73 (4, 4, 4, 8, 20) [28, 17]
31/39 (6, 8, 20, 20) [36, 22]
66/83 (4, 4, 4, 8, 12) [22, 15]
35/44 (4, 8, 8, 8, 8) [24, 17]
74/93 (6, 8, 12, 12, 20) [38, 25]
39/49 (6, 8, 20) [24, 13]
43/54 (6, 8, 12, 12, 20, 20) [50, 34]
47/59 (4, 4, 4, 6, 20, 20) [39, 25]
51/64 (4, 8, 8) [14, 9]
55/69 (8, 12, 12, 12) [29, 19]
59/74 (4, 4, 4, 6, 20) [27, 16]
63/79 (4, 8, 12, 20, 20) [42, 27]
67/84 (6, 6, 20, 20) [35, 21]
71/89 (6, 6, 20, 20) [35, 21]
75/94 (8, 8, 12, 12, 12, 12) [41, 29]
79/99 (4, 4, 4, 6, 12, 12, 20) [41, 28]
4/5 (20,) [16, 5]
77/96 (4, 4, 4, 4, 20, 20, 20) [50, 33]
73/91 (4, 4, 12, 20, 20) [40, 25]
69/86 (4, 4, 12, 20, 20) [40, 25]
65/81 (4, 4, 4, 4, 12, 20) [33, 21]
61/76 (8, 8, 8, 12, 20) [37, 24]
57/71 (4, 6, 20, 20, 20) [46, 29]
53/66 (4, 6, 12, 12, 12, 12, 20, 20) [62, 44]
49/61 (4, 4, 6, 6, 8, 20, 20) [45, 30]
45/56 (6, 8, 8, 20, 20) [41, 26]
41/51 (4, 6, 12, 20) [29, 17]
78/97 (4, 4, 6, 8, 8, 20) [34, 22]
37/46 (4, 4, 12, 12, 20) [35, 22]
70/87 (6, 8, 8, 12, 12, 20) [43, 29]
33/41 (8, 8, 12, 12, 12) [34, 23]
62/77 (12, 12, 12, 12, 20) [44, 29]
29/36 (12, 12) [17, 9]
54/67 (12, 12, 12, 20, 20) [49, 32]
79/98 (4, 4, 8, 8, 8, 8, 20, 20) [52, 36]
25/31 (6, 6, 8, 20, 20) [40, 25]
71/88 (12, 12, 12, 12, 20, 20) [56, 38]
46/57 (6, 6, 20, 20, 20, 20) [59, 39]
67/83 (4, 8, 12) [17, 10]
21/26 (4, 4, 12, 12, 12, 12, 12) [44, 31]
80/99 (6, 6, 8, 12, 12, 20) [42, 28]
59/73 (4, 6, 20, 20, 20, 20) [58, 38]
38/47 (6, 8, 8, 20) [29, 17]
55/68 (4, 12, 12, 12) [27, 17]
72/89 (6, 6, 8, 20, 20, 20) [52, 34]
17/21 (4, 4, 20, 20, 20, 20) [57, 37]
81/100 (4, 6, 8, 8, 8, 8) [28, 20]
64/79 (6, 6, 12) [17, 10]
47/58 (4, 4, 8, 8, 12, 12) [32, 22]
77/95 (4, 4, 8, 20, 20) [38, 23]
30/37 (12, 12, 12, 20, 20, 20) [61, 41]
73/90 (4, 6, 8, 8) [18, 12]
43/53 (4, 4, 4, 6, 8, 12) [26, 18]
56/69 (4, 8, 8, 12) [22, 14]
69/85 (6, 6, 6, 12, 12, 20) [41, 27]
13/16 (4, 4) [6, 4]
74/91 (6, 6, 6, 8, 8) [23, 16]
61/75 (4, 6, 8, 12, 20) [34, 21]
48/59 (8, 12, 20, 20) [40, 24]
35/43 (8, 20, 20, 20, 20, 20, 20) [80, 55]
57/70 (8, 8, 8, 8, 20) [35, 22]
79/97 (8, 8, 8, 8, 20) [35, 22]
22/27 (6, 6, 8, 12) [22, 14]
75/92 (6, 8, 8, 8, 8, 12) [33, 23]
53/65 (4, 4, 4, 4, 8) [17, 12]
31/38 (4, 6, 8, 20) [27, 15]
71/87 (6, 12, 12, 12, 20, 20) [53, 35]
40/49 (4, 4, 8, 12, 20) [33, 20]
49/60 (6, 20, 20) [32, 17]
58/71 (6, 6, 6, 20) [27, 15]
67/82 (4, 4, 6, 12, 12, 20) [39, 25]
76/93 (8, 12, 12, 20) [35, 21]
9/11 (6, 12, 12, 12, 20) [41, 26]
77/94 (4, 4, 8, 20) [26, 14]
68/83 (4, 12, 20, 20, 20) [50, 31]
59/72 (4, 6, 12) [16, 9]
50/61 (4, 4, 4, 12, 12, 20) [38, 24]
41/50 (4, 6, 6, 6, 12, 12) [31, 21]
73/89 (4, 6, 6, 8, 20, 20, 20) [55, 36]
32/39 (6, 12, 12) [21, 12]
55/67 (8, 12, 20) [28, 15]
78/95 (6, 12, 12, 20) [34, 20]
23/28 (4, 8, 8, 12, 12, 12) [37, 25]
60/73 (8, 8, 20, 20) [38, 22]
37/45 (6, 12, 20, 20, 20, 20) [63, 41]
51/62 (4, 6, 8, 12) [21, 13]
65/79 (4, 4, 6, 6, 6, 8, 20) [37, 24]
79/96 (4, 6, 8) [13, 8]
14/17 (4, 6, 6, 8, 8) [22, 15]
75/91 (4, 4, 4, 20) [24, 12]
61/74 (4, 4, 6, 6, 20, 20, 20) [53, 34]
47/57 (6, 8, 20, 20, 20) [49, 30]
80/97 (6, 8, 20, 20) [37, 21]
33/40 (4, 20) [19, 7]
52/63 (4, 6, 8, 8, 12) [26, 17]
71/86 (4, 4, 4, 6) [13, 9]
19/23 (4, 8, 12, 20, 20) [43, 26]
81/98 (4, 4, 12, 12, 12) [30, 19]
62/75 (4, 4, 4, 6, 20, 20) [40, 24]
43/52 (4, 8, 20, 20) [36, 20]
67/81 (4, 6, 8, 12, 12, 12) [36, 24]
24/29 (6, 6, 6, 8, 20) [32, 19]
77/93 (4, 6, 12, 12, 20, 20) [49, 31]
53/64 (4, 4, 12) [15, 8]
82/99 (8, 8, 8, 12, 20, 20) [50, 32]
29/35 (6, 6, 6, 8, 12) [26, 17]
63/76 (4, 6, 12, 20, 20) [42, 25]
34/41 (6, 6, 20, 20, 20, 20) [60, 38]
73/88 (4, 4, 8, 8, 20) [31, 18]
39/47 (4, 6, 20, 20) [35, 19]
83/100 (4, 4, 12, 20, 20, 20) [53, 33]
44/53 (4, 6, 6, 6, 12, 20) [37, 23]
49/59 (6, 8, 8, 12, 12) [31, 20]
54/65 (4, 4, 8, 12) [20, 12]
59/71 (4, 4, 12, 20, 20) [41, 24]
64/77 (6, 8, 8, 12, 20, 20) [49, 31]
69/83 (6, 6, 6, 8, 8, 12) [31, 21]
74/89 (4, 8, 12, 12, 20) [38, 23]
79/95 (4, 8, 12, 12) [25, 15]
5/6 (6,) [5, 2]
81/97 (20, 20) [29, 13]
76/91 (4, 6, 6, 12) [20, 12]
71/85 (4, 12, 12, 12, 12) [35, 22]
66/79 (4, 6, 12, 12, 20) [37, 22]
61/73 (4, 8, 8, 12, 12) [30, 19]
56/67 (4, 6, 6, 6, 20) [30, 17]
51/61 (6, 6, 6, 20, 20, 20) [52, 32]
46/55 (4, 4, 4, 6, 12, 20) [35, 21]
41/49 (4, 4, 4, 4, 12, 12) [28, 18]
77/92 (4, 6, 8, 20, 20, 20, 20) [64, 41]
36/43 (4, 6, 8, 20, 20) [40, 23]
67/80 (4, 4, 4, 4, 4, 6, 20) [33, 20]
31/37 (12, 12, 12, 20) [38, 22]
57/68 (20, 20, 20, 20, 20) [65, 40]
83/99 (4, 4, 12, 12, 20) [36, 21]
26/31 (4, 6, 6, 12, 20, 20) [46, 28]
73/87 (4, 6, 6, 8, 8, 20) [36, 22]
47/56 (4, 4, 6, 6, 20) [29, 16]
68/81 (6, 8, 20) [25, 12]
21/25 (6, 6, 8, 8, 20, 20, 20) [58, 37]
79/94 (4, 4, 4, 12, 20, 20, 20) [56, 35]
58/69 (6, 8, 8, 12, 20) [37, 22]
37/44 (4, 4, 6, 12, 20, 20) [45, 27]
53/63 (4, 6, 12, 20) [30, 16]
69/82 (4, 4, 4, 20, 20, 20) [49, 29]
16/19 (6, 12, 12, 20, 20) [47, 28]
75/89 (12, 12, 20) [31, 16]
59/70 (8, 8, 8, 20) [31, 17]
43/51 (8, 8, 8, 8, 12, 20) [43, 27]
70/83 (4, 6, 8, 12, 12) [29, 18]
27/32 (8, 8) [12, 6]
65/77 (8, 12, 12, 12, 20) [43, 26]
38/45 (6, 6, 20) [24, 11]
49/58 (4, 4, 12, 20) [29, 15]
60/71 (6, 12, 12, 12) [29, 17]
71/84 (4, 6, 6, 8, 12, 20, 20) [51, 32]
82/97 (6, 20, 20) [33, 16]
11/13 (4, 4, 8, 8, 20, 20) [44, 26]
83/98 (6, 8, 12, 12, 20, 20, 20) [64, 41]
72/85 (4, 6, 6, 8, 20, 20) [44, 26]
61/72 (4, 6, 6, 6, 8, 12) [29, 19]
50/59 (4, 20, 20) [32, 15]
39/46 (4, 6, 20) [23, 10]
67/79 (4, 6, 8, 12, 20) [35, 20]
28/33 (4, 8, 8, 8, 8, 8) [30, 20]
73/86 (4, 8, 12, 20, 20, 20) [56, 34]
45/53 (4, 4, 6, 8) [16, 10]
62/73 (8, 8, 20, 20) [39, 21]
79/93 (8, 8, 20, 20) [39, 21]
17/20 (20,) [17, 4]
74/87 (4, 6, 6, 6, 8, 8, 20) [40, 25]
57/67 (6, 6, 20, 20, 20) [49, 28]
40/47 (4, 6, 12, 20, 20, 20) [55, 33]
63/74 (4, 8, 8, 20) [29, 15]
23/27 (4, 4, 4, 4, 6, 6) [20, 14]
75/88 (6, 8, 20, 20) [38, 20]
52/61 (4, 4, 4, 8, 8, 8, 20) [39, 24]
81/95 (4, 6, 6, 12, 20) [34, 19]
29/34 (4, 4, 6, 6, 6, 20) [33, 19]
64/75 (6, 12, 12, 20) [35, 19]
35/41 (12, 12, 12, 20, 20, 20) [63, 39]
76/89 (4, 6, 6, 8, 12, 12) [33, 21]
41/48 (12, 12) [18, 8]
47/55 (6, 8, 8, 12) [24, 14]
53/62 (8, 8, 12, 12, 20) [41, 24]
59/69 (12, 20, 20, 20) [49, 27]
65/76 (6, 6, 20, 20) [37, 19]
71/83 (4, 4, 4, 12) [18, 10]
77/90 (4, 4, 4, 12) [18, 10]
83/97 (8, 8, 8, 20, 20) [44, 25]
6/7 (4, 4, 6, 12, 12) [27, 16]
85/99 (6, 8, 8, 20, 20) [43, 24]
79/92 (6, 6, 6, 20, 20, 20) [53, 31]
73/85 (6, 6, 6, 20) [28, 14]
67/78 (4, 4, 6, 6, 6, 8, 20) [38, 23]
61/71 (6, 6, 8, 8, 20) [34, 19]
55/64 (4, 4, 20, 20) [35, 17]
49/57 (6, 6, 6, 6, 12, 20) [39, 23]
43/50 (4, 6, 6, 6) [16, 10]
80/93 (8, 8, 8, 12, 12, 20) [46, 28]
37/43 (12, 20, 20) [37, 18]
68/79 (12, 12, 12, 12, 20) [46, 27]
31/36 (6, 12) [14, 6]
56/65 (6, 6, 8, 20, 20) [42, 23]
81/94 (8, 8, 12, 20) [34, 18]
25/29 (6, 20, 20, 20, 20) [58, 33]
69/80 (20, 20) [30, 12]
44/51 (4, 6, 6, 6, 6) [20, 13]
63/73 (4, 6, 8, 8, 20) [33, 18]
82/95 (8, 12, 12, 20, 20) [49, 28]
19/22 (4, 6, 8, 8, 8) [24, 15]
70/81 (6, 6, 8, 8, 12) [28, 17]
51/59 (4, 12, 20, 20, 20) [52, 29]
83/96 (4, 8, 12) [18, 9]
32/37 (4, 4, 12, 12, 12) [31, 18]
77/89 (6, 20, 20, 20) [46, 24]
45/52 (4, 4, 4, 4, 6, 20, 20) [44, 25]
58/67 (6, 12, 12) [22, 11]
71/82 (12, 12, 12, 20) [39, 21]
84/97 (8, 12, 20, 20) [42, 22]
13/15 (4, 8, 8, 12, 12, 20) [44, 26]
85/98 (8, 8, 20, 20, 20) [52, 29]
72/83 (6, 8, 12, 12) [27, 15]
59/68 (4, 4, 4, 4, 8, 8) [23, 15]
46/53 (4, 4, 4, 12, 20, 20) [45, 25]
79/91 (6, 6, 6, 8, 8) [24, 15]
33/38 (4, 12, 12, 12, 12) [36, 21]
86/99 (8, 20) [22, 8]
53/61 (4, 4, 12, 12, 20) [37, 20]
73/84 (4, 4, 4, 8) [15, 9]
20/23 (4, 4, 4, 6, 12, 20) [36, 20]
87/100 (6, 6, 6, 8, 20, 20) [46, 26]
67/77 (4, 4, 4, 4, 8, 12) [26, 16]
47/54 (6, 6, 12) [18, 9]
74/85 (4, 4, 4, 20, 20) [38, 19]
27/31 (4, 12, 20, 20) [40, 20]
61/70 (4, 12, 12) [21, 10]
34/39 (4, 4, 20, 20, 20, 20) [60, 34]
75/86 (4, 6, 6, 8, 20, 20) [45, 25]
41/47 (6, 6, 20, 20, 20) [50, 27]
48/55 (8, 8, 20) [27, 12]
55/63 (12, 20, 20, 20, 20) [62, 35]
62/71 (4, 8, 12, 12) [26, 14]
69/79 (20, 20, 20, 20, 20) [67, 38]
76/87 (12, 12, 20) [32, 15]
83/95 (4, 20, 20) [33, 14]
7/8 (8,) [7, 2]
85/97 (4, 4, 4, 8, 20, 20) [43, 23]
78/89 (4, 4, 8, 8, 8, 12) [31, 19]
71/81 (4, 4, 8, 8, 8, 12) [31, 19]
64/73 (4, 4, 6, 8, 8, 20) [36, 20]
57/65 (8, 8, 8, 20) [32, 16]
50/57 (6, 8, 20, 20) [39, 19]
43/49 (8, 12, 12, 20) [37, 19]
79/90 (8, 12, 20, 20, 20, 20, 20) [79, 48]
36/41 (4, 4, 12, 20) [30, 14]
65/74 (6, 6, 8) [15, 8]
29/33 (20, 20, 20) [43, 20]
80/91 (6, 8, 20) [26, 11]
51/58 (4, 8, 20, 20) [38, 18]
73/83 (6, 20, 20, 20, 20, 20) [71, 41]
22/25 (4, 4, 6, 8, 8, 8) [27, 17]
81/92 (6, 12, 12, 12) [30, 16]
59/67 (6, 12, 12, 12) [30, 16]
37/42 (4, 4, 12, 20, 20) [43, 22]
52/59 (4, 6, 12, 12) [25, 13]
67/76 (4, 6, 8, 12, 12) [30, 17]
82/93 (4, 20, 20, 20, 20) [58, 31]
15/17 (4, 6, 20, 20) [37, 17]
83/94 (8, 20, 20, 20) [48, 24]
68/77 (12, 12, 12, 12, 12, 12, 12) [56, 35]
53/60 (12, 20) [25, 9]
38/43 (4, 6, 6, 12, 20) [35, 18]
61/69 (4, 4, 4, 6, 20) [29, 14]
84/95 (12, 20, 20) [38, 17]
23/26 (8, 12, 12, 20, 20) [50, 27]
77/87 (4, 12, 12, 20) [35, 17]
54/61 (4, 12, 12, 20) [35, 17]
85/96 (6, 8, 12, 12, 20) [41, 22]
31/35 (6, 6, 6, 6, 12) [26, 15]
70/79 (6, 6, 20) [25, 10]
39/44 (6, 8, 8, 8, 8) [27, 16]
86/97 (6, 8, 12, 20, 20, 20) [59, 33]
47/53 (4, 4, 8, 8) [18, 10]
55/62 (4, 4, 12, 12) [24, 12]
63/71 (4, 20, 20, 20) [46, 22]
71/80 (20, 20) [31, 11]
79/89 (4, 6, 8, 8, 12, 20, 20) [54, 31]
87/98 (4, 6, 20, 20, 20, 20) [62, 34]
8/9 (6, 6, 8, 20) [30, 14]
89/100 (4, 4, 6, 8, 12) [25, 14]
81/91 (4, 6, 6, 20, 20) [41, 20]
73/82 (4, 4, 6, 8, 8) [22, 13]
65/73 (4, 4, 4, 12, 20, 20) [46, 24]
57/64 (8, 8, 8) [18, 9]
49/55 (12, 12, 12, 20) [40, 20]
41/46 (6, 6, 8, 8, 20) [35, 18]
74/83 (4, 8, 8, 12, 12, 20) [45, 25]
33/37 (6, 6, 20, 20, 20) [51, 26]
58/65 (6, 12, 20) [29, 12]
83/93 (8, 20, 20) [36, 15]
25/28 (6, 8, 8, 8, 12) [30, 17]
67/75 (6, 12, 12, 12, 12) [38, 21]
42/47 (4, 12, 20, 20) [41, 19]
59/66 (4, 4, 6, 8, 8, 12, 12) [38, 23]
76/85 (6, 8, 8, 8) [22, 12]
17/19 (8, 8, 12, 12) [29, 15]
77/86 (6, 20, 20) [35, 14]
60/67 (6, 8, 12, 20) [34, 16]
43/48 (8, 12) [16, 6]
69/77 (4, 6, 6, 6, 8) [22, 13]
26/29 (4, 6, 6, 6, 12, 12) [33, 19]
87/97 (4, 4, 20) [23, 8]
61/68 (4, 12, 12, 12, 12) [37, 20]
35/39 (4, 20, 20) [34, 13]
79/88 (6, 12, 12, 12, 20) [44, 23]
44/49 (20, 20, 20) [44, 19]
53/59 (4, 20, 20, 20, 20) [59, 30]
62/69 (4, 4, 4, 4, 6, 20) [32, 16]
71/79 (4, 4, 4, 8, 20, 20) [44, 22]
80/89 (4, 8, 12, 20) [33, 15]
89/99 (4, 8, 12, 20) [33, 15]
9/10 (20,) [18, 3]
82/91 (4, 6, 6, 20) [28, 12]
73/81 (4, 8, 8, 12, 20) [38, 19]
64/71 (8, 20, 20, 20) [49, 23]
55/61 (4, 4, 4, 6, 20, 20) [43, 21]
46/51 (4, 8, 20, 20) [39, 17]
83/92 (4, 4, 4, 4, 12, 20) [36, 18]
37/41 (6, 8, 12, 12) [28, 14]
65/72 (6, 8, 12) [20, 9]
28/31 (20, 20, 20, 20, 20) [69, 36]
75/83 (6, 6, 6, 6, 20) [33, 16]
47/52 (6, 12, 12) [23, 10]
66/73 (4, 4, 4, 4, 4, 20) [31, 15]
85/94 (4, 4, 4, 4, 4, 8) [21, 13]
19/21 (4, 6, 20, 20) [38, 16]
86/95 (6, 12, 12, 12, 12, 12) [46, 26]
67/74 (12, 20, 20) [39, 16]
48/53 (4, 8, 8, 20, 20) [44, 21]
77/85 (4, 6, 8, 12, 20) [37, 18]
29/32 (4, 8) [10, 4]
68/75 (8, 8, 8, 20) [33, 15]
39/43 (6, 12, 12, 20) [37, 17]
88/97 (4, 4, 12, 20) [31, 13]
49/54 (6, 6, 6) [14, 7]
59/65 (8, 8, 8, 8, 20) [38, 19]
69/76 (4, 8, 12, 12) [27, 13]
79/87 (4, 8, 12, 12) [27, 13]
89/98 (4, 12, 12, 20, 20) [49, 24]
10/11 (6, 6, 20, 20, 20) [52, 25]
91/100 (20, 20) [32, 10]
81/89 (4, 12, 12, 20) [36, 16]
71/78 (6, 6, 12, 12) [27, 13]
61/67 (4, 4, 4, 12, 20, 20) [47, 23]
51/56 (4, 4, 8, 20, 20) [42, 19]
41/45 (12, 20, 20, 20) [52, 24]
72/79 (4, 8, 12) [19, 8]
31/34 (6, 6, 6, 8, 12) [28, 15]
83/91 (4, 4, 4, 4, 6, 6) [21, 13]
52/57 (4, 6, 6, 8, 12, 20) [41, 21]
73/80 (12, 20) [26, 8]
21/23 (6, 8, 8, 8, 20) [37, 18]
74/81 (6, 8, 20) [27, 10]
53/58 (8, 20, 20) [37, 14]
85/93 (8, 12, 20, 20, 20) [57, 28]
32/35 (4, 4, 6, 12, 20) [35, 16]
75/82 (8, 12, 20) [31, 12]
43/47 (6, 6, 8, 12, 12, 12) [40, 22]
54/59 (4, 4, 8, 20, 20, 20) [55, 27]
65/71 (6, 6, 12, 12, 12) [35, 18]
76/83 (8, 8, 12, 20) [36, 16]
87/95 (4, 6, 8, 12) [23, 11]
11/12 (12,) [11, 2]
89/97 (6, 12, 12, 12, 12) [39, 20]
78/85 (8, 20, 20, 20) [50, 22]
67/73 (4, 4, 4, 12, 20) [34, 15]
56/61 (8, 8, 8, 8, 12, 20) [46, 24]
45/49 (12, 12, 20, 20) [47, 21]
79/86 (6, 6, 8, 8, 20) [36, 17]
34/37 (6, 6, 12) [19, 8]
91/99 (4, 6, 6, 8, 12) [27, 14]
57/62 (6, 12, 20) [30, 11]
80/87 (6, 12, 20) [30, 11]
23/25 (6, 20, 20, 20) [49, 21]
81/88 (6, 8, 12, 20) [35, 15]
58/63 (4, 4, 4, 4, 6) [17, 10]
35/38 (20, 20, 20, 20) [58, 26]
82/89 (4, 6, 6, 8, 8) [24, 13]
47/51 (4, 20, 20, 20) [48, 20]
59/64 (4, 4, 8) [13, 6]
71/77 (4, 4, 4, 4, 8, 20) [34, 16]
83/90 (6, 6, 20) [26, 9]
12/13 (6, 6, 12, 12, 12, 20) [49, 25]
85/92 (4, 8, 12, 20) [34, 14]
73/79 (4, 8, 12, 20) [34, 14]
61/66 (12, 20, 20) [40, 15]
49/53 (4, 4, 8, 12) [22, 10]
86/93 (4, 6, 20, 20) [39, 15]
37/40 (4, 20) [21, 5]
62/67 (6, 6, 12, 20) [34, 14]
87/94 (4, 4, 4, 4, 6, 12) [26, 14]
25/27 (12, 20, 20, 20) [53, 23]
88/95 (4, 4, 4, 8, 8, 12) [30, 16]
63/68 (4, 20, 20, 20, 20) [61, 28]
38/41 (4, 4, 20, 20) [38, 14]
89/96 (8, 8, 12) [22, 9]
51/55 (4, 6, 8, 20, 20) [44, 19]
64/69 (6, 8, 8, 12, 12) [34, 17]
77/83 (4, 4, 20, 20, 20) [51, 22]
90/97 (20, 20, 20, 20, 20) [71, 34]
13/14 (12, 12, 20, 20, 20, 20) [73, 37]
92/99 (4, 4, 8, 20, 20) [43, 18]
79/85 (6, 8, 8, 12) [26, 12]
66/71 (4, 8, 8, 8, 12) [30, 15]
53/57 (4, 4, 8, 20, 20, 20) [56, 26]
93/100 (20, 20) [33, 9]
40/43 (4, 6, 6, 20, 20) [43, 18]
67/72 (12, 12) [20, 6]
27/29 (4, 12, 20, 20) [43, 17]
68/73 (12, 12, 12, 20) [42, 18]
41/44 (4, 4, 6, 8, 8) [23, 12]
55/59 (4, 4, 12, 20) [32, 12]
69/74 (8, 20, 20) [38, 13]
83/89 (8, 20, 20) [38, 13]
14/15 (4, 4, 4, 20, 20, 20) [54, 24]
85/91 (6, 20, 20, 20) [50, 20]
71/76 (6, 20, 20, 20) [50, 20]
57/61 (8, 8, 20) [29, 10]
43/46 (4, 8, 8, 12, 12, 12) [41, 21]
72/77 (4, 4, 4, 8, 12) [25, 12]
29/31 (6, 20, 20) [37, 12]
73/78 (4, 8, 12, 12) [28, 12]
44/47 (4, 4, 4, 4, 4, 12) [25, 13]
59/63 (4, 8, 8, 12) [25, 11]
74/79 (8, 8, 12, 20) [37, 15]
89/95 (8, 8, 12, 20) [37, 15]
15/16 (4, 4) [7, 3]
91/97 (4, 12, 12, 12, 20) [45, 20]
76/81 (6, 6, 12, 12) [28, 12]
61/65 (4, 12, 12, 12) [31, 13]
46/49 (6, 8, 8, 20, 20) [47, 20]
77/82 (12, 20, 20, 20) [54, 22]
31/33 (4, 8, 20, 20) [41, 15]
78/83 (6, 6, 8, 12) [25, 11]
47/50 (4, 4, 8, 8, 12, 12) [36, 18]
63/67 (6, 6, 20, 20) [41, 15]
79/84 (12, 20, 20) [41, 14]
16/17 (6, 6, 6, 6, 6) [23, 12]
81/86 (12, 12, 12, 20, 20) [56, 25]
65/69 (4, 4, 6, 6, 20) [32, 13]
49/52 (6, 12, 20) [31, 10]
82/87 (6, 12, 20, 20, 20) [58, 25]
33/35 (4, 4, 4, 8, 8) [22, 11]
83/88 (20, 20, 20) [47, 16]
50/53 (4, 4, 4, 4, 8, 8, 20) [40, 19]
67/71 (4, 8, 8, 12, 20) [40, 17]
84/89 (4, 6, 12, 12) [27, 11]
17/18 (4, 4, 20, 20) [39, 13]
86/91 (6, 8, 12, 20, 20) [50, 21]
69/73 (4, 6, 8, 8, 20) [36, 15]
52/55 (6, 8, 8, 12, 12, 20) [49, 23]
87/92 (4, 4, 8, 20, 20) [44, 17]
35/37 (6, 6, 6, 6) [19, 9]
88/93 (6, 6, 12, 20) [35, 13]
53/56 (8, 8, 12, 12) [31, 13]
71/75 (4, 4, 4, 6, 6) [19, 10]
89/94 (4, 8, 20) [27, 8]
18/19 (12, 12, 12, 20) [43, 17]
91/96 (4, 4, 12) [17, 6]
73/77 (4, 20, 20, 20) [50, 18]
55/58 (4, 4, 4, 6, 20) [31, 12]
92/97 (4, 4, 6, 20, 20) [43, 16]
37/39 (8, 20, 20) [39, 12]
93/98 (6, 8, 8, 12, 12, 12) [43, 21]
56/59 (4, 4, 4, 6, 12) [24, 11]
75/79 (8, 8, 20, 20) [44, 16]
94/99 (4, 6, 8, 20) [31, 11]
19/20 (20,) [19, 2]
77/81 (4, 4, 4, 20, 20) [42, 15]
58/61 (4, 4, 4, 8, 12, 12) [34, 16]
39/41 (4, 4, 6, 12, 12) [30, 13]
59/62 (6, 20, 20) [38, 11]
79/83 (12, 12, 12, 12) [37, 15]
20/21 (6, 8, 20, 20) [43, 15]
81/85 (6, 8, 12, 12) [30, 12]
61/64 (8, 8) [14, 4]
41/43 (6, 6, 6, 6, 20) [35, 14]
62/65 (4, 20, 20) [37, 10]
83/87 (8, 8, 12, 20) [38, 14]
21/22 (20, 20, 20) [48, 15]
85/89 (4, 6, 8, 8) [21, 9]
64/67 (6, 6, 20, 20) [42, 14]
43/45 (8, 20, 20, 20) [53, 19]
65/68 (4, 4, 6, 12, 20) [37, 14]
87/91 (4, 4, 6, 8, 20) [34, 13]
22/23 (6, 8, 8, 12, 20) [42, 17]
89/93 (6, 12, 20, 20) [46, 16]
67/70 (8, 12, 12, 20) [41, 15]
45/47 (4, 6, 8, 20, 20) [46, 17]
68/71 (4, 8, 12, 12) [29, 11]
91/95 (4, 6, 6, 20) [30, 10]
23/24 (4, 6) [9, 3]
93/97 (4, 12, 20, 20) [45, 15]
70/73 (6, 8, 8, 8) [24, 10]
47/49 (4, 6, 12, 12, 12) [36, 15]
71/74 (6, 12, 12) [25, 8]
95/99 (6, 6, 12, 20, 20) [50, 19]
24/25 (4, 6, 6, 12) [23, 9]
73/76 (4, 8, 8, 12) [26, 10]
49/51 (8, 8, 8, 8, 8) [31, 14]
74/77 (6, 12, 20) [32, 9]
25/26 (4, 8, 12, 20) [36, 12]
76/79 (8, 8, 20, 20) [45, 15]
51/53 (4, 4, 6, 20, 20) [44, 15]
77/80 (4, 20) [22, 4]
26/27 (6, 6, 12, 20) [36, 12]
79/82 (4, 6, 8, 12, 20) [40, 15]
53/55 (6, 8, 20) [29, 8]
80/83 (6, 6, 8, 20) [33, 11]
27/28 (20, 20, 20) [49, 14]
82/85 (8, 20, 20, 20) [54, 18]
55/57 (4, 6, 12, 12) [28, 10]
83/86 (4, 6, 6, 12, 12) [32, 13]
28/29 (12, 12, 12, 12) [38, 14]
85/88 (4, 4, 8, 8) [20, 8]
57/59 (4, 8, 8, 20, 20) [48, 17]
86/89 (4, 6, 12, 20) [35, 11]
29/30 (4, 4, 4, 4, 4, 6) [21, 11]
88/91 (6, 6, 8, 20, 20) [48, 17]
59/61 (6, 8, 8, 12, 20, 20) [57, 23]
89/92 (4, 4, 12, 12, 20) [42, 15]
30/31 (4, 20, 20, 20) [52, 16]
91/94 (4, 8, 20, 20, 20) [57, 20]
61/63 (12, 20, 20, 20) [57, 19]
92/95 (4, 6, 8, 20) [32, 10]
31/32 (4, 8) [11, 3]
94/97 (4, 6, 6, 6, 8, 20) [40, 16]
63/65 (4, 12, 20, 20) [46, 14]
95/98 (4, 12, 20, 20) [46, 14]
32/33 (8, 12, 12) [27, 8]
97/100 (4, 6, 8, 12) [25, 9]
65/67 (4, 6, 8, 12) [25, 9]
33/34 (6, 6, 6, 6, 12) [29, 12]
67/69 (12, 12, 12, 20) [45, 15]
34/35 (6, 20, 20, 20, 20) [67, 24]
69/71 (4, 4, 20, 20) [41, 11]
35/36 (6, 6) [11, 3]
71/73 (8, 8, 20) [31, 8]
36/37 (6, 6, 6, 6) [20, 8]
73/75 (4, 4, 4, 6, 12) [25, 10]
37/38 (8, 20, 20) [41, 10]
75/77 (4, 8, 12) [21, 6]
38/39 (4, 12, 12, 20) [40, 12]
77/79 (4, 8, 12, 20) [37, 11]
39/40 (6, 20) [24, 4]
79/81 (4, 20, 20, 20) [53, 15]
40/41 (6, 12, 20) [33, 8]
81/83 (6, 6, 12, 20) [37, 11]
41/42 (8, 12, 12, 12) [36, 12]
83/85 (6, 12, 20, 20) [48, 14]
42/43 (6, 20, 20) [40, 9]
85/87 (4, 8, 20, 20) [44, 12]
43/44 (4, 4, 8, 12) [24, 8]
87/89 (4, 8, 8, 12) [27, 9]
44/45 (4, 12, 20, 20) [47, 13]
89/91 (4, 6, 8, 20, 20) [48, 15]
45/46 (12, 20, 20, 20, 20) [72, 25]
91/93 (8, 8, 12, 20) [40, 12]
46/47 (4, 20, 20) [39, 8]
93/95 (4, 6, 12, 20) [36, 10]
47/48 (4, 12) [15, 3]
95/97 (20, 20, 20) [51, 12]
48/49 (8, 8, 8, 12) [30, 10]
97/99 (12, 12, 12) [31, 8]
49/50 (4, 6, 12, 12) [29, 9]
50/51 (8, 8, 8) [21, 6]
51/52 (8, 8, 20, 20) [47, 13]
52/53 (6, 12, 12, 20) [42, 12]
53/54 (6, 6, 6) [16, 5]
54/55 (8, 12, 20) [35, 8]
55/56 (4, 4, 6, 6, 12) [27, 10]
56/57 (8, 20, 20) [42, 9]
57/58 (12, 20, 20, 20, 20) [73, 24]
58/59 (4, 12, 12, 20) [41, 11]
59/60 (6, 12, 20, 20) [49, 13]
60/61 (6, 8, 8, 20) [36, 10]
61/62 (6, 6, 6, 20) [33, 9]
62/63 (12, 12, 12, 12) [40, 12]
63/64 (8, 8) [15, 3]
64/65 (4, 12, 20, 20) [48, 12]
65/66 (4, 4, 12, 12) [28, 8]
66/67 (20, 20) [37, 5]
67/68 (4, 4, 8, 8) [21, 7]
68/69 (6, 20, 20) [41, 8]
69/70 (8, 12, 12, 20) [44, 12]
70/71 (6, 20, 20, 20) [56, 14]
71/72 (6, 12) [17, 3]
72/73 (4, 4, 8, 20) [32, 8]
73/74 (4, 8, 8, 20) [35, 9]
74/75 (4, 20, 20, 20) [55, 13]
75/76 (8, 12, 12, 20, 20) [59, 18]
76/77 (8, 8, 12) [25, 6]
77/78 (8, 8, 20, 20) [48, 12]
78/79 (4, 6, 20, 20) [44, 10]
79/80 (4, 20) [23, 3]
80/81 (8, 8, 8, 20) [38, 10]
81/82 (12, 12, 20) [39, 8]
82/83 (4, 6, 12, 20) [37, 9]
83/84 (4, 6, 12, 20) [37, 9]
84/85 (12, 20, 20) [46, 9]
85/86 (6, 12, 12) [27, 6]
86/87 (6, 12, 12) [27, 6]
87/88 (4, 8, 8, 12) [28, 8]
88/89 (6, 12, 20, 20) [50, 12]
89/90 (8, 20, 20, 20) [58, 14]
90/91 (8, 20, 20) [43, 8]
91/92 (8, 20, 20) [43, 8]
92/93 (4, 4, 6, 6, 20) [35, 10]
93/94 (4, 4, 20, 20) [43, 9]
94/95 (20, 20, 20) [53, 10]
95/96 (8, 12) [19, 3]
96/97 (4, 4, 4, 4, 8) [21, 8]
97/98 (4, 6, 12, 12) [30, 8]
98/99 (4, 6, 12, 12) [30, 8]
99/100 (4, 12, 12, 12) [35, 9]
1 () [0, 0]
